  ON_BOUNDARIES, UNKNOWN
 1  2  1 2  1	
 2  2  2 9  1	
 3  2  3 1  1	
 4  2  8 3  1	
 5  2  9 14  1	
 6  2  14 19  1	
 7  2  15 8  1	
 8  2  19 28  1	
 9  2  20 15  1	
 10  2  27 20  1	
 11  2  28 33  1	
 12  2  33 44  1	
 13  2  34 27  1	
 14  2  44 57  1	
 15  2  45 34  1	
 16  2  57 68  1	
 17  2  58 45  1	
 18  2  68 93  1	
 19  2  69 58  1	
 20  2  91 92  2	
 21  2  92 100  2	
 22  2  93 143  1	
 23  2  94 69  1	
 24  2  96 91  2	
 25  2  100 103  2	
 26  2  102 96  2	
 27  2  103 106  2	
 28  2  105 102  2	
 29  2  106 116  2	
 30  2  112 105  2	
 31  2  116 124  2	
 32  2  121 112  2	
 33  2  124 133  2	
 34  2  128 121  2	
 35  2  133 151  2	
 36  2  142 94  1	
 37  2  143 202  1	
 38  2  146 128  2	
 39  2  151 170  2	
 40  2  166 146  2	
 41  2  170 191  2	
 42  2  184 166  2	
 43  2  191 215  2	
 44  2  202 280  1	
 45  2  203 142  1	
 46  2  207 184  2	
 47  2  215 241  2	
 48  2  233 207  2	
 49  2  241 269  2	
 50  2  261 233  2	
 51  2  269 307  2	
 52  2  279 203  1	
 53  2  280 355  1	
 54  2  292 261  2	
 55  2  307 339  2	
 56  2  328 292  2	
 57  2  339 377  2	
 58  2  355 447  1	
 59  2  356 279  1	
 60  2  362 328  2	
 61  2  377 423  2	
 62  2  408 362  2	
 63  2  423 464  2	
 64  2  446 356  1	
 65  2  447 541  1	
 66  2  448 408  2	
 67  2  464 507  2	
 68  2  494 448  2	
 69  2  507 556  2	
 70  2  536 494  2	
 71  2  541 641  1	
 72  2  542 446  1	
 73  2  556 606  2	
 74  2  590 536  2	
 75  2  606 659  2	
 76  2  639 590  2	
 77  2  641 751  1	
 78  2  642 542  1	
 79  2  659 712  2	
 80  2  695 639  2	
 81  2  712 779  2	
 82  2  749 642  1	
 83  2  751 866  1	
 84  2  756 695  2	
 85  2  779 837  2	
 86  2  816 756  2	
 87  2  837 902  2	
 88  2  864 749  1	
 89  2  866 991  1	
 90  2  881 816  2	
 91  2  902 967  2	
 92  2  949 881  2	
 93  2  967 1034  2	
 94  2  985 864  1	
 95  2  991 1116  1	
 96  2  1015 949  2	
 97  2  1034 1098  2	
 98  2  1079 1015  2	
 99  2  1098 1168  2	
 100  2  1102 985  1	
 101  2  1116 1242  1	
 102  2  1147 1079  2	
 103  2  1168 1239  2	
 104  2  1213 1147  2	
 105  2  1216 1102  1	
 106  2  1239 1309  2	
 107  2  1242 1379  1	
 108  2  1280 1213  2	
 109  2  1309 1387  2	
 110  2  1343 1216  1	
 111  2  1359 1280  2	
 112  2  1379 1506  1	
 113  2  1387 1456  2	
 114  2  1432 1359  2	
 115  2  1456 1528  2	
 116  2  1470 1343  1	
 117  2  1505 1432  2	
 118  2  1506 1644  1	
 119  2  1528 1601  2	
 120  2  1577 1505  2	
 121  2  1596 1470  1	
 122  2  1601 1677  2	
 123  2  1644 1784  1	
 124  2  1655 1577  2	
 125  2  1677 1757  2	
 126  2  1723 1596  1	
 127  2  1730 1655  2	
 128  2  1757 1836  2	
 129  2  1784 1921  1	
 130  2  1807 1730  2	
 131  2  1836 1912  2	
 132  2  1855 1723  1	
 133  2  1879 1807  2	
 134  2  1912 1985  2	
 135  2  1921 2061  1	
 136  2  1954 1879  2	
 137  2  1978 1855  1	
 138  2  1985 2060  2	
 139  2  2031 1954  2	
 140  2  2060 2135  2	
 141  2  2061 2196  1	
 142  2  2098 1978  1	
 143  2  2107 2031  2	
 144  2  2135 2205  2	
 145  2  2178 2107  2	
 146  2  2196 2334  1	
 147  2  2205 2277  2	
 148  2  2217 2098  1	
 149  2  2251 2178  2	
 150  2  2277 2347  2	
 151  2  2329 2251  2	
 152  2  2334 2466  1	
 153  2  2342 2217  1	
 154  2  2347 2418  2	
 155  2  2400 2329  2	
 156  2  2418 2488  2	
 157  2  2451 2342  1	
 158  2  2466 2599  1	
 159  2  2469 2400  2	
 160  2  2488 2559  2	
 161  2  2536 2469  2	
 162  2  2559 2628  2	
 163  2  2571 2451  1	
 164  2  2599 2726  1	
 165  2  2606 2536  2	
 166  2  2628 2698  2	
 167  2  2673 2606  2	
 168  2  2684 2571  1	
 169  2  2698 2763  2	
 170  2  2726 2857  1	
 171  2  2740 2673  2	
 172  2  2763 2828  2	
 173  2  2790 2684  1	
 174  2  2806 2740  2	
 175  2  2828 2893  2	
 176  2  2857 2987  1	
 177  2  2868 2806  2	
 178  2  2893 2954  2	
 179  2  2902 2790  1	
 180  2  2931 2868  2	
 181  2  2954 3008  2	
 182  2  2987 3108  1	
 183  2  2994 2931  2	
 184  2  3002 2902  1	
 185  2  3008 3068  2	
 186  2  3052 2994  2	
 187  2  3068 3123  2	
 188  2  3097 3002  1	
 189  2  3108 3215  1	
 190  2  3109 3052  2	
 191  2  3123 3178  2	
 192  2  3158 3109  2	
 193  2  3178 3231  2	
 194  2  3191 3097  1	
 195  2  3211 3158  2	
 196  2  3215 3329  1	
 197  2  3231 3278  2	
 198  2  3263 3211  2	
 199  2  3278 3327  2	
 200  2  3279 3191  1	
 201  2  3312 3263  2	
 202  2  3327 3370  2	
 203  2  3329 3427  1	
 204  2  3352 3312  2	
 205  2  3357 3279  1	
 206  2  3370 3410  2	
 207  2  3397 3352  2	
 208  2  3410 3454  2	
 209  2  3427 3520  1	
 210  2  3441 3357  1	
 211  2  3442 3397  2	
 212  2  3454 3494  2	
 213  2  3483 3442  2	
 214  2  3494 3530  2	
 215  2  3512 3441  1	
 216  2  3519 3483  2	
 217  2  3520 3614  1	
 218  2  3530 3569  2	
 219  2  3556 3519  2	
 220  2  3569 3598  2	
 221  2  3582 3512  1	
 222  2  3585 3556  2	
 223  2  3598 3639  2	
 224  2  3614 3705  1	
 225  2  3626 3585  2	
 226  2  3639 3669  2	
 227  2  3652 3582  1	
 228  2  3660 3626  2	
 229  2  3669 3696  2	
 230  2  3687 3660  2	
 231  2  3696 3725  2	
 232  2  3705 3793  1	
 233  2  3716 3687  2	
 234  2  3718 3652  1	
 235  2  3725 3751  2	
 236  2  3744 3716  2	
 237  2  3751 3779  2	
 238  2  3770 3744  2	
 239  2  3779 3803  2	
 240  2  3780 3718  1	
 241  2  3793 3868  1	
 242  2  3798 3770  2	
 243  2  3803 3826  2	
 244  2  3819 3798  2	
 245  2  3820 3887  6	
 246  2  3826 3843  2	
 247  2  3836 3780  1	
 248  2  3837 3819  2	
 249  2  3843 3866  2	
 250  2  3856 3837  2	
 251  2  3866 3878  2	
 252  2  3868 3929  1	
 253  2  3873 3856  2	
 254  2  3878 3896  2	
 255  2  3886 3836  1	
 256  2  3887 3952  6	
 257  2  3891 3873  2	
 258  2  3896 3914  2	
 259  2  3909 3891  2	
 260  2  3914 3922  2	
 261  2  3919 3909  2	
 262  2  3921 3820  6	
 263  2  3922 3932  2	
 264  2  3928 3919  2	
 265  2  3929 3990  1	
 266  2  3932 3945  2	
 267  2  3933 3886  1	
 268  2  3939 3928  2	
 269  2  3945 3956  2	
 270  2  3952 3995  6	
 271  2  3955 3939  2	
 272  2  3956 3963  2	
 273  2  3961 3955  2	
 274  2  3963 3968  2	
 275  2  3966 3961  2	
 276  2  3968 3970  2	
 277  2  3969 3966  2	
 278  2  3970 3977  2	
 279  2  3972 3933  1	
 280  2  3973 3969  2	
 281  2  3977 3981  2	
 282  2  3980 3973  2	
 283  2  3981 3983  2	
 284  2  3982 3980  2	
 285  2  3983 3986  2	
 286  2  3984 3982  2	
 287  2  3986 3988  2	
 288  2  3987 3984  2	
 289  2  3988 3987  2	
 290  2  3990 4025  1	
 291  2  3995 4028  6	
 292  2  4002 3921  6	
 293  2  4004 3972  1	
 294  2  4005 4045  6	
 295  2  4025 4048  1	
 296  2  4026 4004  1	
 297  2  4028 4050  6	
 298  2  4033 4005  6	
 299  2  4042 4026  1	
 300  2  4045 4070  6	
 301  2  4048 4002  6	
 302  2  4050 4062  6	
 303  2  4057 4033  6	
 304  2  4059 4042  1	
 305  2  4062 4080  6	
 306  2  4065 4059  1	
 307  2  4069 4057  6	
 308  2  4070 4091  1	
 309  2  4079 4065  1	
 310  2  4080 4093  6	
 311  2  4088 4069  6	
 312  2  4089 4079  1	
 313  2  4091 4103  1	
 314  2  4093 4102  6	
 315  2  4098 4089  1	
 316  2  4100 4088  6	
 317  2  4102 4112  6	
 318  2  4103 4117  1	
 319  2  4106 4098  1	
 320  2  4112 4125  6	
 321  2  4113 4100  6	
 322  2  4115 4106  1	
 323  2  4117 4129  1	
 324  2  4123 4115  1	
 325  2  4125 4135  6	
 326  2  4126 4113  6	
 327  2  4129 4146  1	
 328  2  4130 4123  1	
 329  2  4135 4145  6	
 330  2  4140 4126  6	
 331  2  4141 4130  1	
 332  2  4145 4155  6	
 333  2  4146 4159  1	
 334  2  4151 4141  1	
 335  2  4153 4140  6	
 336  2  4155 4162  6	
 337  2  4156 4151  1	
 338  2  4159 4172  1	
 339  2  4162 4169  6	
 340  2  4164 4153  6	
 341  2  4165 4156  1	
 342  2  4169 4178  6	
 343  2  4171 4165  1	
 344  2  4172 4190  1	
 345  2  4176 4164  6	
 346  2  4178 4188  6	
 347  2  4182 4171  1	
 348  2  4188 4191  6	
 349  2  4189 4176  6	
 350  2  4190 4205  1	
 351  2  4191 4197  6	
 352  2  4192 4182  1	
 353  2  4197 4201  6	
 354  2  4198 4189  6	
 355  2  4200 4192  1	
 356  2  4201 4204  6	
 357  2  4204 4210  6	
 358  2  4205 4220  1	
 359  2  4207 4198  6	
 360  2  4210 4212  6	
 361  2  4211 4200  1	
 362  2  4212 4213  6	
 363  2  4213 4214  6	
 364  2  4214 4231  6	
 365  2  4216 4207  6	
 366  2  4217 4211  1	
 367  2  4220 4234  1	
 368  2  4222 4216  6	
 369  2  4224 4217  1	
 370  2  4226 4222  6	
 371  2  4230 4224  1	
 372  2  4231 4251  6	
 373  2  4232 4226  6	
 374  2  4234 4250  1	
 375  2  4235 4232  6	
 376  2  4236 4230  1	
 377  2  4238 4235  6	
 378  2  4243 4238  6	
 379  2  4244 4236  1	
 380  2  4247 4243  6	
 381  2  4250 4271  1	
 382  2  4251 4275  6	
 383  2  4253 4247  6	
 384  2  4254 4244  1	
 385  2  4255 4253  6	
 386  2  4258 4255  6	
 387  2  4259 4258  6	
 388  2  4263 4259  6	
 389  2  4264 4263  6	
 390  2  4266 4264  6	
 391  2  4267 4254  1	
 392  2  4269 4266  6	
 393  2  4271 4296  1	
 394  2  4275 4299  6	
 395  2  4278 4267  1	
 396  2  4279 4269  5	
 397  2  4286 4269  3	
 398  2  4292 4278  1	
 399  2  4293 4279  5	
 400  2  4296 4313  1	
 401  2  4299 4323  6	
 402  2  4301 4286  3	
 403  2  4302 4292  1	
 404  2  4303 4293  5	
 405  2  4312 4302  1	
 406  2  4313 4335  1	
 407  2  4315 4303  5	
 408  2  4320 4301  3	
 409  2  4323 4343  6	
 410  2  4327 4312  1	
 411  2  4332 4315  5	
 412  2  4335 4353  1	
 413  2  4338 4327  1	
 414  2  4340 4320  3	
 415  2  4343 4370  3	
 416  2  4343 4332  5	
 417  2  4349 4338  1	
 418  2  4353 4373  1	
 419  2  4366 4349  1	
 420  2  4367 4340  3	
 421  2  4370 4391  3	
 422  2  4373 4392  1	
 423  2  4374 4366  1	
 424  2  4384 4374  1	
 425  2  4387 4367  3	
 426  2  4391 4411  3	
 427  2  4392 4400  1	
 428  2  4394 4384  1	
 429  2  4400 4415  1	
 430  2  4406 4394  1	
 431  2  4410 4387  3	
 432  2  4411 4437  3	
 433  2  4414 4406  1	
 434  2  4415 4427  1	
 435  2  4423 4414  1	
 436  2  4427 4443  1	
 437  2  4437 4461  3	
 438  2  4438 4423  1	
 439  2  4440 4410  3	
 440  2  4443 4450  1	
 441  2  4445 4438  1	
 442  2  4450 4459  1	
 443  2  4451 4445  1	
 444  2  4459 4465  1	
 445  2  4461 4486  3	
 446  2  4462 4451  1	
 447  2  4463 4440  3	
 448  2  4465 4471  1	
 449  2  4470 4462  1	
 450  2  4471 4475  1	
 451  2  4474 4470  1	
 452  2  4475 4480  1	
 453  2  4479 4474  1	
 454  2  4480 4488  1	
 455  2  4486 4516  3	
 456  2  4488 4497  1	
 457  2  4491 4479  1	
 458  2  4497 4513  7	
 459  2  4497 4463  3	
 460  2  4503 4491  1	
 461  2  4508 4503  1	
 462  2  4509 4508  1	
 463  2  4512 4509  1	
 464  2  4513 4530  7	
 465  2  4515 4512  1	
 466  2  4516 4517  1	
 467  2  4517 4520  1	
 468  2  4519 4515  1	
 469  2  4520 4522  1	
 470  2  4521 4519  1	
 471  2  4522 4523  1	
 472  2  4523 4525  1	
 473  2  4524 4521  1	
 474  2  4525 4527  1	
 475  2  4526 4524  1	
 476  2  4527 4529  1	
 477  2  4528 4526  1	
 478  2  4529 4532  1	
 479  2  4530 4548  7	
 480  2  4531 4528  1	
 481  2  4532 4534  1	
 482  2  4533 4531  1	
 483  2  4534 4535  1	
 484  2  4535 4537  1	
 485  2  4536 4533  1	
 486  2  4537 4539  1	
 487  2  4538 4536  1	
 488  2  4539 4541  1	
 489  2  4540 4538  1	
 490  2  4541 4543  1	
 491  2  4542 4540  1	
 492  2  4543 4542  1	
 493  2  4547 4516  7	
 494  2  4548 4549  7	
 495  2  4549 4551  7	
 496  2  4550 4547  7	
 497  2  4551 4552  7	
 498  2  4552 4550  7	
  END_ON_BOUNDARIES
