  ON_BOUNDARIES, UNKNOWN
 1  2  1 2  1	
 2  2  2 6  1	
 3  2  4 1  1	
 4  2  6 10  1	
 5  2  9 4  1	
 6  2  10 15  1	
 7  2  14 9  1	
 8  2  15 20  1	
 9  2  20 27  1	
 10  2  22 14  1	
 11  2  27 37  1	
 12  2  29 22  1	
 13  2  37 49  1	
 14  2  43 29  1	
 15  2  47 52  2	
 16  2  49 64  1	
 17  2  51 47  2	
 18  2  52 56  2	
 19  2  55 51  2	
 20  2  56 60  2	
 21  2  58 55  2	
 22  2  60 73  2	
 23  2  64 102  1	
 24  2  68 58  2	
 25  2  70 43  1	
 26  2  73 88  2	
 27  2  80 68  2	
 28  2  88 103  2	
 29  2  96 80  2	
 30  2  102 127  1	
 31  2  103 124  2	
 32  2  109 96  2	
 33  2  113 70  1	
 34  2  124 139  2	
 35  2  127 151  1	
 36  2  130 109  2	
 37  2  139 157  2	
 38  2  149 130  2	
 39  2  151 185  1	
 40  2  157 180  2	
 41  2  164 113  1	
 42  2  180 207  2	
 43  2  184 149  2	
 44  2  185 236  1	
 45  2  204 164  1	
 46  2  206 184  2	
 47  2  207 232  2	
 48  2  229 206  2	
 49  2  232 260  2	
 50  2  236 280  1	
 51  2  257 229  2	
 52  2  260 292  2	
 53  2  262 204  1	
 54  2  280 317  1	
 55  2  289 257  2	
 56  2  292 318  2	
 57  2  313 262  1	
 58  2  317 379  1	
 59  2  318 357  2	
 60  2  322 289  2	
 61  2  352 322  2	
 62  2  357 400  2	
 63  2  361 313  1	
 64  2  379 444  1	
 65  2  394 352  2	
 66  2  400 440  2	
 67  2  411 361  1	
 68  2  434 394  2	
 69  2  440 478  2	
 70  2  444 510  1	
 71  2  466 411  1	
 72  2  471 434  2	
 73  2  478 518  2	
 74  2  510 579  1	
 75  2  511 471  2	
 76  2  518 556  2	
 77  2  551 466  1	
 78  2  556 615  2	
 79  2  565 511  2	
 80  2  579 698  1	
 81  2  600 565  2	
 82  2  615 664  2	
 83  2  627 551  1	
 84  2  632 600  2	
 85  2  664 707  2	
 86  2  676 627  1	
 87  2  697 632  2	
 88  2  698 790  1	
 89  2  707 762  2	
 90  2  728 676  1	
 91  2  736 697  2	
 92  2  762 819  2	
 93  2  784 736  2	
 94  2  790 886  1	
 95  2  796 728  1	
 96  2  819 869  2	
 97  2  836 784  2	
 98  2  869 927  2	
 99  2  883 836  2	
 100  2  886 1018  1	
 101  2  895 796  1	
 102  2  927 998  2	
 103  2  932 883  2	
 104  2  967 895  1	
 105  2  985 932  2	
 106  2  998 1068  2	
 107  2  1018 1089  1	
 108  2  1038 985  2	
 109  2  1039 967  1	
 110  2  1068 1133  2	
 111  2  1089 1182  1	
 112  2  1093 1038  2	
 113  2  1095 1039  1	
 114  2  1133 1187  2	
 115  2  1151 1093  2	
 116  2  1152 1095  1	
 117  2  1182 1273  1	
 118  2  1187 1240  2	
 119  2  1209 1152  1	
 120  2  1222 1151  2	
 121  2  1240 1294  2	
 122  2  1273 1366  1	
 123  2  1280 1209  1	
 124  2  1290 1222  2	
 125  2  1294 1352  2	
 126  2  1342 1290  2	
 127  2  1346 1280  1	
 128  2  1352 1433  2	
 129  2  1366 1457  1	
 130  2  1391 1342  2	
 131  2  1411 1346  1	
 132  2  1433 1507  2	
 133  2  1457 1545  1	
 134  2  1460 1391  2	
 135  2  1462 1411  1	
 136  2  1507 1581  2	
 137  2  1527 1462  1	
 138  2  1533 1460  2	
 139  2  1545 1714  1	
 140  2  1581 1650  2	
 141  2  1586 1533  2	
 142  2  1595 1527  1	
 143  2  1638 1586  2	
 144  2  1650 1713  2	
 145  2  1689 1595  1	
 146  2  1713 1780  2	
 147  2  1714 1802  1	
 148  2  1733 1638  2	
 149  2  1780 1859  2	
 150  2  1782 1689  1	
 151  2  1800 1733  2	
 152  2  1802 1947  1	
 153  2  1848 1782  1	
 154  2  1859 1915  2	
 155  2  1866 1800  2	
 156  2  1909 1848  1	
 157  2  1915 1983  2	
 158  2  1935 1866  2	
 159  2  1947 2114  1	
 160  2  1970 1909  1	
 161  2  1983 2049  2	
 162  2  1986 1935  2	
 163  2  2040 1970  1	
 164  2  2049 2103  2	
 165  2  2069 1986  2	
 166  2  2103 2171  2	
 167  2  2113 2040  1	
 168  2  2114 2205  1	
 169  2  2159 2069  2	
 170  2  2171 2235  2	
 171  2  2192 2113  1	
 172  2  2205 2340  1	
 173  2  2230 2159  2	
 174  2  2235 2301  2	
 175  2  2300 2192  1	
 176  2  2301 2372  2	
 177  2  2307 2230  2	
 178  2  2340 2475  1	
 179  2  2372 2449  2	
 180  2  2383 2307  2	
 181  2  2414 2300  1	
 182  2  2449 2528  2	
 183  2  2458 2383  2	
 184  2  2475 2584  1	
 185  2  2522 2414  1	
 186  2  2528 2607  2	
 187  2  2533 2458  2	
 188  2  2584 2690  1	
 189  2  2607 2669  2	
 190  2  2611 2533  2	
 191  2  2639 2522  1	
 192  2  2669 2736  2	
 193  2  2690 2771  1	
 194  2  2691 2611  2	
 195  2  2736 2802  2	
 196  2  2767 2691  2	
 197  2  2771 2871  1	
 198  2  2791 2639  1	
 199  2  2802 2869  2	
 200  2  2856 2767  2	
 201  2  2869 2948  2	
 202  2  2871 2980  1	
 203  2  2898 2791  1	
 204  2  2930 2856  2	
 205  2  2948 3013  2	
 206  2  2980 3070  1	
 207  2  2994 2930  2	
 208  2  3013 3082  2	
 209  2  3023 2898  1	
 210  2  3070 3172  1	
 211  2  3082 3151  2	
 212  2  3118 2994  2	
 213  2  3138 3023  1	
 214  2  3151 3220  2	
 215  2  3172 3279  1	
 216  2  3198 3118  2	
 217  2  3220 3296  2	
 218  2  3223 3138  1	
 219  2  3279 3381  1	
 220  2  3287 3198  2	
 221  2  3296 3363  2	
 222  2  3363 3437  2	
 223  2  3372 3287  2	
 224  2  3381 3483  1	
 225  2  3393 3223  1	
 226  2  3437 3516  2	
 227  2  3459 3372  2	
 228  2  3483 3583  1	
 229  2  3516 3588  2	
 230  2  3531 3393  1	
 231  2  3549 3459  2	
 232  2  3583 3677  1	
 233  2  3588 3662  2	
 234  2  3632 3549  2	
 235  2  3662 3742  2	
 236  2  3667 3531  1	
 237  2  3677 3786  1	
 238  2  3728 3632  2	
 239  2  3742 3848  2	
 240  2  3786 3897  1	
 241  2  3814 3667  1	
 242  2  3820 3728  2	
 243  2  3848 3928  2	
 244  2  3897 3986  1	
 245  2  3915 3820  2	
 246  2  3928 4002  2	
 247  2  3959 3814  1	
 248  2  3986 4105  1	
 249  2  4002 4079  2	
 250  2  4008 3915  2	
 251  2  4079 4160  2	
 252  2  4098 4008  2	
 253  2  4105 4225  1	
 254  2  4137 3959  1	
 255  2  4160 4242  2	
 256  2  4190 4098  2	
 257  2  4225 4349  1	
 258  2  4227 4137  1	
 259  2  4242 4320  2	
 260  2  4291 4190  2	
 261  2  4320 4407  2	
 262  2  4334 4227  1	
 263  2  4349 4489  1	
 264  2  4399 4291  2	
 265  2  4407 4500  2	
 266  2  4439 4334  1	
 267  2  4485 4399  2	
 268  2  4489 4554  1	
 269  2  4500 4568  2	
 270  2  4554 4666  1	
 271  2  4568 4641  2	
 272  2  4576 4485  2	
 273  2  4620 4439  1	
 274  2  4641 4714  2	
 275  2  4666 4770  1	
 276  2  4667 4576  2	
 277  2  4714 4783  2	
 278  2  4730 4620  1	
 279  2  4753 4667  2	
 280  2  4770 4875  1	
 281  2  4783 4878  2	
 282  2  4838 4753  2	
 283  2  4860 4730  1	
 284  2  4875 4960  1	
 285  2  4878 4969  2	
 286  2  4925 4838  2	
 287  2  4960 5051  1	
 288  2  4969 5039  2	
 289  2  4982 4860  1	
 290  2  5032 4925  2	
 291  2  5039 5121  2	
 292  2  5051 5198  1	
 293  2  5095 4982  1	
 294  2  5121 5201  2	
 295  2  5142 5032  2	
 296  2  5198 5341  1	
 297  2  5201 5276  2	
 298  2  5210 5095  1	
 299  2  5230 5142  2	
 300  2  5276 5355  2	
 301  2  5321 5230  2	
 302  2  5341 5528  1	
 303  2  5355 5441  2	
 304  2  5399 5210  1	
 305  2  5410 5321  2	
 306  2  5441 5524  2	
 307  2  5493 5410  2	
 308  2  5524 5594  2	
 309  2  5528 5654  1	
 310  2  5567 5399  1	
 311  2  5582 5493  2	
 312  2  5594 5666  2	
 313  2  5654 5769  1	
 314  2  5666 5755  2	
 315  2  5668 5582  2	
 316  2  5745 5567  1	
 317  2  5748 5668  2	
 318  2  5755 5839  2	
 319  2  5769 5899  1	
 320  2  5831 5748  2	
 321  2  5839 5920  2	
 322  2  5899 5991  1	
 323  2  5920 5987  2	
 324  2  5923 5745  1	
 325  2  5940 5831  2	
 326  2  5987 6049  2	
 327  2  5991 6102  1	
 328  2  6049 6110  2	
 329  2  6065 5940  2	
 330  2  6102 6230  1	
 331  2  6110 6180  2	
 332  2  6156 5923  1	
 333  2  6159 6065  2	
 334  2  6180 6253  2	
 335  2  6230 6391  1	
 336  2  6253 6330  2	
 337  2  6260 6159  2	
 338  2  6330 6403  2	
 339  2  6367 6156  1	
 340  2  6373 6260  2	
 341  2  6391 6477  1	
 342  2  6403 6470  2	
 343  2  6470 6548  2	
 344  2  6477 6617  1	
 345  2  6489 6373  2	
 346  2  6516 6367  1	
 347  2  6548 6643  2	
 348  2  6588 6489  2	
 349  2  6617 6746  1	
 350  2  6643 6738  2	
 351  2  6695 6588  2	
 352  2  6728 6516  1	
 353  2  6738 6804  2	
 354  2  6746 6836  1	
 355  2  6788 6695  2	
 356  2  6804 6872  2	
 357  2  6836 6946  1	
 358  2  6872 6968  2	
 359  2  6884 6788  2	
 360  2  6887 6728  1	
 361  2  6946 7056  1	
 362  2  6968 7025  2	
 363  2  6974 6884  2	
 364  2  7009 6887  1	
 365  2  7025 7085  2	
 366  2  7056 7155  1	
 367  2  7065 6974  2	
 368  2  7085 7186  2	
 369  2  7152 7009  1	
 370  2  7155 7227  1	
 371  2  7159 7065  2	
 372  2  7186 7264  2	
 373  2  7227 7315  1	
 374  2  7244 7159  2	
 375  2  7264 7342  2	
 376  2  7315 7406  1	
 377  2  7324 7244  2	
 378  2  7342 7424  2	
 379  2  7354 7152  1	
 380  2  7401 7324  2	
 381  2  7406 7537  1	
 382  2  7424 7502  2	
 383  2  7484 7354  1	
 384  2  7502 7576  2	
 385  2  7533 7401  2	
 386  2  7537 7627  1	
 387  2  7576 7653  2	
 388  2  7611 7533  2	
 389  2  7627 7737  1	
 390  2  7629 7484  1	
 391  2  7653 7733  2	
 392  2  7704 7611  2	
 393  2  7733 7791  2	
 394  2  7737 7815  1	
 395  2  7752 7629  1	
 396  2  7791 7851  2	
 397  2  7802 7704  2	
 398  2  7815 7892  1	
 399  2  7851 7897  2	
 400  2  7867 7752  1	
 401  2  7892 8069  1	
 402  2  7897 7962  2	
 403  2  7906 7802  2	
 404  2  7962 8047  2	
 405  2  8018 7906  2	
 406  2  8047 8112  2	
 407  2  8069 8174  1	
 408  2  8087 7867  1	
 409  2  8089 8018  2	
 410  2  8112 8181  2	
 411  2  8164 8089  2	
 412  2  8174 8264  1	
 413  2  8181 8241  2	
 414  2  8238 8164  2	
 415  2  8241 8315  2	
 416  2  8264 8349  1	
 417  2  8303 8087  1	
 418  2  8315 8393  2	
 419  2  8349 8420  1	
 420  2  8353 8238  2	
 421  2  8393 8487  2	
 422  2  8402 8353  2	
 423  2  8420 8482  1	
 424  2  8439 8303  1	
 425  2  8472 8402  2	
 426  2  8482 8600  1	
 427  2  8487 8566  2	
 428  2  8541 8472  2	
 429  2  8566 8643  2	
 430  2  8582 8439  1	
 431  2  8600 8666  1	
 432  2  8617 8541  2	
 433  2  8643 8707  2	
 434  2  8666 8729  1	
 435  2  8683 8617  2	
 436  2  8697 8582  1	
 437  2  8707 8765  2	
 438  2  8729 8821  1	
 439  2  8751 8683  2	
 440  2  8765 8828  2	
 441  2  8807 8697  1	
 442  2  8820 8751  2	
 443  2  8821 8884  1	
 444  2  8828 8889  2	
 445  2  8884 8938  1	
 446  2  8888 8820  2	
 447  2  8889 8942  2	
 448  2  8938 8994  1	
 449  2  8942 9002  2	
 450  2  8962 8888  2	
 451  2  8994 9037  1	
 452  2  9002 9066  2	
 453  2  9023 8807  1	
 454  2  9029 8962  2	
 455  2  9037 9093  1	
 456  2  9066 9115  2	
 457  2  9088 9029  2	
 458  2  9093 9149  1	
 459  2  9115 9161  2	
 460  2  9143 9088  2	
 461  2  9149 9198  1	
 462  2  9161 9210  2	
 463  2  9192 9023  1	
 464  2  9198 9245  1	
 465  2  9207 9143  2	
 466  2  9210 9249  2	
 467  2  9245 9306  1	
 468  2  9249 9292  2	
 469  2  9270 9207  2	
 470  2  9292 9336  2	
 471  2  9306 9372  1	
 472  2  9322 9270  2	
 473  2  9336 9385  2	
 474  2  9347 9192  1	
 475  2  9372 9421  1	
 476  2  9383 9322  2	
 477  2  9385 9433  2	
 478  2  9421 9470  1	
 479  2  9429 9383  2	
 480  2  9433 9497  2	
 481  2  9470 9549  1	
 482  2  9474 9429  2	
 483  2  9497 9532  2	
 484  2  9505 9347  1	
 485  2  9532 9567  2	
 486  2  9541 9474  2	
 487  2  9549 9635  1	
 488  2  9567 9602  2	
 489  2  9602 9638  2	
 490  2  9605 9541  2	
 491  2  9634 9505  1	
 492  2  9635 9692  1	
 493  2  9638 9671  2	
 494  2  9644 9605  2	
 495  2  9671 9703  2	
 496  2  9692 9766  1	
 497  2  9703 9742  2	
 498  2  9707 9644  2	
 499  2  9742 9791  2	
 500  2  9745 9707  2	
 501  2  9766 9836  1	
 502  2  9775 9634  1	
 503  2  9786 9745  2	
 504  2  9791 9825  2	
 505  2  9821 9786  2	
 506  2  9825 9861  2	
 507  2  9836 9896  1	
 508  2  9858 9821  2	
 509  2  9861 9884  2	
 510  2  9884 9912  2	
 511  2  9896 9948  1	
 512  2  9898 9858  2	
 513  2  9900 9775  1	
 514  2  9912 9932  2	
 515  2  9924 9898  2	
 516  2  9932 9958  2	
 517  2  9948 10004  1	
 518  2  9952 9924  2	
 519  2  9958 9979  2	
 520  2  9979 9997  2	
 521  2  9983 9952  2	
 522  2  9997 10019  2	
 523  2  10003 9900  1	
 524  2  10004 10038  1	
 525  2  10012 9983  2	
 526  2  10019 10034  2	
 527  2  10028 10012  2	
 528  2  10034 10058  2	
 529  2  10038 10068  1	
 530  2  10054 10028  2	
 531  2  10058 10077  2	
 532  2  10067 10054  2	
 533  2  10068 10115  1	
 534  2  10077 10092  2	
 535  2  10092 10101  2	
 536  2  10093 10067  2	
 537  2  10101 10113  2	
 538  2  10102 10003  1	
 539  2  10104 10093  2	
 540  2  10113 10124  2	
 541  2  10115 10143  1	
 542  2  10118 10104  2	
 543  2  10124 10138  2	
 544  2  10129 10118  2	
 545  2  10138 10146  2	
 546  2  10142 10129  2	
 547  2  10143 10170  1	
 548  2  10146 10157  2	
 549  2  10152 10142  2	
 550  2  10157 10162  2	
 551  2  10158 10102  1	
 552  2  10160 10152  2	
 553  2  10162 10163  2	
 554  2  10163 10166  2	
 555  2  10165 10160  2	
 556  2  10166 10172  2	
 557  2  10169 10165  2	
 558  2  10170 10187  1	
 559  2  10172 10174  2	
 560  2  10173 10169  2	
 561  2  10174 10179  2	
 562  2  10177 10173  2	
 563  2  10178 10177  2	
 564  2  10179 10180  2	
 565  2  10180 10181  2	
 566  2  10181 10178  2	
 567  2  10187 10208  1	
 568  2  10191 10158  1	
 569  2  10208 10218  1	
 570  2  10217 10191  1	
 571  2  10218 10230  1	
 572  2  10228 10217  1	
 573  2  10230 10236  1	
 574  2  10236 10241  1	
 575  2  10241 10249  1	
 576  2  10243 10228  1	
 577  2  10249 10253  1	
 578  2  10253 10257  1	
 579  2  10255 10243  1	
 580  2  10257 10262  1	
 581  2  10260 10255  1	
 582  2  10262 10267  1	
 583  2  10264 10260  1	
 584  2  10267 10271  1	
 585  2  10271 10276  1	
 586  2  10272 10264  1	
 587  2  10275 10272  1	
 588  2  10276 10281  1	
 589  2  10281 10284  1	
 590  2  10282 10275  1	
 591  2  10284 10286  1	
 592  2  10285 10282  1	
 593  2  10286 10288  1	
 594  2  10287 10285  1	
 595  2  10288 10290  1	
 596  2  10289 10287  1	
 597  2  10290 10292  1	
 598  2  10291 10289  1	
 599  2  10292 10294  1	
 600  2  10293 10291  1	
 601  2  10294 10296  1	
 602  2  10295 10293  1	
 603  2  10296 10297  1	
 604  2  10297 10295  1	
  END_ON_BOUNDARIES
