  ON_BOUNDARIES, UNKNOWN
 1  2  1 2  1	
 2  2  2 8  1	
 3  2  3 1  1	
 4  2  8 13  1	
 5  2  9 3  1	
 6  2  13 19  1	
 7  2  14 9  1	
 8  2  19 26  1	
 9  2  20 14  1	
 10  2  26 33  1	
 11  2  27 20  1	
 12  2  33 42  1	
 13  2  34 27  1	
 14  2  42 50  1	
 15  2  44 34  1	
 16  2  50 64  1	
 17  2  52 44  1	
 18  2  64 81  1	
 19  2  66 52  1	
 20  2  81 118  1	
 21  2  85 66  1	
 22  2  92 96  2	
 23  2  93 92  2	
 24  2  96 100  2	
 25  2  98 93  2	
 26  2  100 104  2	
 27  2  101 98  2	
 28  2  104 109  2	
 29  2  105 101  2	
 30  2  109 119  2	
 31  2  113 105  2	
 32  2  118 173  1	
 33  2  119 128  2	
 34  2  123 85  1	
 35  2  124 113  2	
 36  2  128 146  2	
 37  2  136 124  2	
 38  2  146 165  2	
 39  2  151 136  2	
 40  2  165 182  2	
 41  2  172 151  2	
 42  2  173 232  1	
 43  2  178 123  1	
 44  2  182 205  2	
 45  2  191 172  2	
 46  2  205 233  2	
 47  2  212 191  2	
 48  2  232 298  1	
 49  2  233 262  2	
 50  2  239 178  1	
 51  2  243 212  2	
 52  2  262 294  2	
 53  2  274 243  2	
 54  2  294 329  2	
 55  2  298 378  1	
 56  2  305 274  2	
 57  2  311 239  1	
 58  2  329 366  2	
 59  2  347 305  2	
 60  2  366 407  2	
 61  2  378 462  1	
 62  2  385 347  2	
 63  2  391 311  1	
 64  2  407 447  2	
 65  2  426 385  2	
 66  2  447 492  2	
 67  2  462 543  1	
 68  2  469 426  2	
 69  2  472 391  1	
 70  2  492 540  2	
 71  2  514 469  2	
 72  2  540 594  2	
 73  2  543 630  1	
 74  2  556 472  1	
 75  2  564 514  2	
 76  2  594 648  2	
 77  2  616 564  2	
 78  2  630 730  1	
 79  2  648 703  2	
 80  2  653 556  1	
 81  2  672 616  2	
 82  2  703 761  2	
 83  2  724 672  2	
 84  2  730 826  1	
 85  2  747 653  1	
 86  2  761 820  2	
 87  2  786 724  2	
 88  2  820 884  2	
 89  2  826 930  1	
 90  2  846 786  2	
 91  2  851 747  1	
 92  2  884 947  2	
 93  2  909 846  2	
 94  2  930 1033  1	
 95  2  947 1016  2	
 96  2  954 851  1	
 97  2  975 909  2	
 98  2  1016 1084  2	
 99  2  1033 1143  1	
 100  2  1037 975  2	
 101  2  1056 954  1	
 102  2  1084 1151  2	
 103  2  1106 1037  2	
 104  2  1143 1252  1	
 105  2  1151 1221  2	
 106  2  1169 1056  1	
 107  2  1177 1106  2	
 108  2  1221 1292  2	
 109  2  1247 1177  2	
 110  2  1252 1359  1	
 111  2  1277 1169  1	
 112  2  1292 1361  2	
 113  2  1319 1247  2	
 114  2  1359 1476  1	
 115  2  1361 1436  2	
 116  2  1388 1277  1	
 117  2  1389 1319  2	
 118  2  1436 1512  2	
 119  2  1463 1389  2	
 120  2  1476 1590  1	
 121  2  1505 1388  1	
 122  2  1512 1587  2	
 123  2  1538 1463  2	
 124  2  1587 1660  2	
 125  2  1590 1700  1	
 126  2  1616 1538  2	
 127  2  1617 1505  1	
 128  2  1660 1739  2	
 129  2  1687 1616  2	
 130  2  1700 1813  1	
 131  2  1732 1617  1	
 132  2  1739 1812  2	
 133  2  1761 1687  2	
 134  2  1812 1889  2	
 135  2  1813 1921  1	
 136  2  1834 1761  2	
 137  2  1839 1732  1	
 138  2  1889 1961  2	
 139  2  1912 1834  2	
 140  2  1921 2034  1	
 141  2  1955 1839  1	
 142  2  1961 2036  2	
 143  2  1990 1912  2	
 144  2  2034 2148  1	
 145  2  2036 2110  2	
 146  2  2070 1990  2	
 147  2  2073 1955  1	
 148  2  2110 2186  2	
 149  2  2142 2070  2	
 150  2  2148 2254  1	
 151  2  2181 2073  1	
 152  2  2186 2257  2	
 153  2  2217 2142  2	
 154  2  2254 2362  1	
 155  2  2257 2326  2	
 156  2  2286 2217  2	
 157  2  2290 2181  1	
 158  2  2326 2400  2	
 159  2  2360 2286  2	
 160  2  2362 2463  1	
 161  2  2394 2290  1	
 162  2  2400 2469  2	
 163  2  2432 2360  2	
 164  2  2463 2566  1	
 165  2  2469 2539  2	
 166  2  2504 2432  2	
 167  2  2505 2394  1	
 168  2  2539 2609  2	
 169  2  2566 2670  1	
 170  2  2568 2504  2	
 171  2  2605 2505  1	
 172  2  2609 2677  2	
 173  2  2635 2568  2	
 174  2  2670 2764  1	
 175  2  2677 2745  2	
 176  2  2700 2635  2	
 177  2  2704 2605  1	
 178  2  2745 2807  2	
 179  2  2764 2865  1	
 180  2  2766 2700  2	
 181  2  2806 2704  1	
 182  2  2807 2876  2	
 183  2  2837 2766  2	
 184  2  2865 2960  1	
 185  2  2876 2930  2	
 186  2  2893 2837  2	
 187  2  2903 2806  1	
 188  2  2930 2997  2	
 189  2  2956 2893  2	
 190  2  2960 3053  1	
 191  2  2997 3055  2	
 192  2  3001 2903  1	
 193  2  3020 2956  2	
 194  2  3053 3138  1	
 195  2  3055 3112  2	
 196  2  3080 3020  2	
 197  2  3090 3001  1	
 198  2  3112 3165  2	
 199  2  3132 3080  2	
 200  2  3138 3226  1	
 201  2  3165 3220  2	
 202  2  3179 3090  1	
 203  2  3189 3132  2	
 204  2  3220 3267  2	
 205  2  3226 3307  1	
 206  2  3237 3189  2	
 207  2  3262 3179  1	
 208  2  3267 3320  2	
 209  2  3285 3237  2	
 210  2  3307 3387  1	
 211  2  3320 3365  2	
 212  2  3335 3285  2	
 213  2  3341 3262  1	
 214  2  3365 3412  2	
 215  2  3387 3460  1	
 216  2  3389 3335  2	
 217  2  3412 3459  2	
 218  2  3422 3341  1	
 219  2  3429 3389  2	
 220  2  3459 3497  2	
 221  2  3460 3530  1	
 222  2  3472 3429  2	
 223  2  3494 3422  1	
 224  2  3497 3536  2	
 225  2  3510 3472  2	
 226  2  3530 3595  1	
 227  2  3536 3575  2	
 228  2  3549 3510  2	
 229  2  3564 3494  1	
 230  2  3575 3610  2	
 231  2  3586 3549  2	
 232  2  3595 3658  1	
 233  2  3610 3642  2	
 234  2  3623 3586  2	
 235  2  3631 3564  1	
 236  2  3642 3676  2	
 237  2  3656 3623  2	
 238  2  3658 3720  1	
 239  2  3676 3707  2	
 240  2  3688 3656  2	
 241  2  3693 3631  1	
 242  2  3707 3736  2	
 243  2  3716 3688  2	
 244  2  3720 3780  1	
 245  2  3736 3766  2	
 246  2  3745 3716  2	
 247  2  3754 3693  1	
 248  2  3766 3792  2	
 249  2  3777 3745  2	
 250  2  3780 3833  1	
 251  2  3792 3812  2	
 252  2  3798 3777  2	
 253  2  3811 3754  1	
 254  2  3812 3838  2	
 255  2  3823 3798  2	
 256  2  3833 3882  1	
 257  2  3838 3855  2	
 258  2  3844 3823  2	
 259  2  3855 3876  2	
 260  2  3861 3811  1	
 261  2  3863 3844  2	
 262  2  3876 3893  2	
 263  2  3882 3932  1	
 264  2  3883 3863  2	
 265  2  3893 3906  2	
 266  2  3898 3883  2	
 267  2  3906 3926  2	
 268  2  3908 3861  1	
 269  2  3912 3898  2	
 270  2  3926 3939  2	
 271  2  3932 3971  1	
 272  2  3933 3912  2	
 273  2  3939 3946  2	
 274  2  3941 3933  2	
 275  2  3946 3956  2	
 276  2  3949 3941  2	
 277  2  3951 3908  1	
 278  2  3956 3970  2	
 279  2  3960 3949  2	
 280  2  3970 3977  2	
 281  2  3971 4006  1	
 282  2  3973 3960  2	
 283  2  3977 3982  2	
 284  2  3979 3973  2	
 285  2  3982 3987  2	
 286  2  3986 3979  2	
 287  2  3987 3990  2	
 288  2  3988 3986  2	
 289  2  3989 3951  1	
 290  2  3990 3994  2	
 291  2  3992 3988  2	
 292  2  3994 3997  2	
 293  2  3996 3992  2	
 294  2  3997 4002  2	
 295  2  3999 3996  2	
 296  2  4002 4004  2	
 297  2  4003 3999  2	
 298  2  4004 4005  2	
 299  2  4005 4003  2	
 300  2  4006 4029  1	
 301  2  4022 3989  1	
 302  2  4029 4049  1	
 303  2  4045 4022  1	
 304  2  4049 4061  1	
 305  2  4057 4045  1	
 306  2  4061 4076  1	
 307  2  4072 4057  1	
 308  2  4076 4085  1	
 309  2  4080 4072  1	
 310  2  4085 4096  1	
 311  2  4092 4080  1	
 312  2  4096 4104  1	
 313  2  4103 4092  1	
 314  2  4104 4116  1	
 315  2  4115 4103  1	
 316  2  4116 4124  1	
 317  2  4121 4115  1	
 318  2  4124 4132  1	
 319  2  4131 4121  1	
 320  2  4132 4145  1	
 321  2  4142 4131  1	
 322  2  4145 4156  1	
 323  2  4153 4142  1	
 324  2  4156 4171  1	
 325  2  4170 4153  1	
 326  2  4171 4184  1	
 327  2  4175 4210  6	
 328  2  4181 4170  1	
 329  2  4183 4175  6	
 330  2  4184 4200  1	
 331  2  4192 4183  6	
 332  2  4193 4206  6	
 333  2  4197 4181  1	
 334  2  4200 4220  1	
 335  2  4204 4192  6	
 336  2  4206 4216  6	
 337  2  4210 4251  6	
 338  2  4214 4204  6	
 339  2  4216 4226  6	
 340  2  4219 4197  1	
 341  2  4220 4243  1	
 342  2  4223 4214  6	
 343  2  4226 4235  6	
 344  2  4231 4193  6	
 345  2  4234 4223  6	
 346  2  4235 4249  6	
 347  2  4241 4219  1	
 348  2  4243 4261  1	
 349  2  4248 4234  6	
 350  2  4249 4258  6	
 351  2  4251 4298  6	
 352  2  4257 4248  6	
 353  2  4258 4264  6	
 354  2  4260 4241  1	
 355  2  4261 4280  1	
 356  2  4263 4257  6	
 357  2  4264 4274  6	
 358  2  4272 4263  6	
 359  2  4273 4231  6	
 360  2  4274 4287  6	
 361  2  4280 4309  1	
 362  2  4281 4272  6	
 363  2  4282 4260  1	
 364  2  4287 4297  6	
 365  2  4294 4281  6	
 366  2  4297 4305  6	
 367  2  4298 4338  6	
 368  2  4302 4294  6	
 369  2  4305 4312  6	
 370  2  4309 4324  1	
 371  2  4310 4282  1	
 372  2  4311 4302  6	
 373  2  4312 4317  6	
 374  2  4316 4311  6	
 375  2  4317 4321  6	
 376  2  4319 4316  6	
 377  2  4320 4273  6	
 378  2  4321 4327  6	
 379  2  4324 4343  1	
 380  2  4325 4319  6	
 381  2  4326 4310  1	
 382  2  4327 4330  6	
 383  2  4329 4325  6	
 384  2  4330 4333  6	
 385  2  4332 4329  6	
 386  2  4333 4335  6	
 387  2  4334 4332  6	
 388  2  4335 4337  6	
 389  2  4336 4334  6	
 390  2  4337 4342  6	
 391  2  4338 4371  6	
 392  2  4339 4354  6	
 393  2  4340 4336  6	
 394  2  4341 4376  6	
 395  2  4342 4346  6	
 396  2  4343 4358  1	
 397  2  4345 4340  6	
 398  2  4346 4349  6	
 399  2  4347 4326  1	
 400  2  4348 4345  6	
 401  2  4349 4351  6	
 402  2  4350 4348  6	
 403  2  4351 4350  6	
 404  2  4354 4361  6	
 405  2  4355 4341  6	
 406  2  4358 4365  1	
 407  2  4359 4347  1	
 408  2  4360 4320  6	
 409  2  4361 4363  6	
 410  2  4362 4355  6	
 411  2  4363 4374  6	
 412  2  4364 4362  6	
 413  2  4365 4379  1	
 414  2  4367 4359  1	
 415  2  4370 4339  6	
 416  2  4371 4403  6	
 417  2  4374 4382  6	
 418  2  4375 4364  6	
 419  2  4376 4408  6	
 420  2  4379 4389  1	
 421  2  4381 4367  1	
 422  2  4382 4386  6	
 423  2  4383 4375  6	
 424  2  4385 4360  6	
 425  2  4386 4392  6	
 426  2  4387 4383  6	
 427  2  4389 4399  1	
 428  2  4390 4381  1	
 429  2  4392 4397  6	
 430  2  4393 4387  6	
 431  2  4397 4406  6	
 432  2  4398 4393  6	
 433  2  4399 4412  1	
 434  2  4400 4370  6	
 435  2  4402 4390  1	
 436  2  4403 4445  6	
 437  2  4406 4410  6	
 438  2  4407 4398  6	
 439  2  4408 4458  6	
 440  2  4410 4417  6	
 441  2  4411 4407  6	
 442  2  4412 4424  1	
 443  2  4413 4402  1	
 444  2  4417 4422  6	
 445  2  4418 4411  6	
 446  2  4421 4385  6	
 447  2  4422 4426  6	
 448  2  4423 4418  6	
 449  2  4424 4436  1	
 450  2  4426 4430  6	
 451  2  4427 4413  1	
 452  2  4428 4423  6	
 453  2  4430 4434  6	
 454  2  4431 4428  6	
 455  2  4434 4439  6	
 456  2  4435 4431  6	
 457  2  4436 4456  1	
 458  2  4437 4400  6	
 459  2  4439 4442  6	
 460  2  4440 4435  6	
 461  2  4441 4427  1	
 462  2  4442 4446  6	
 463  2  4443 4440  6	
 464  2  4445 4486  6	
 465  2  4446 4449  6	
 466  2  4447 4443  6	
 467  2  4449 4451  6	
 468  2  4450 4447  6	
 469  2  4451 4453  6	
 470  2  4452 4450  6	
 471  2  4453 4457  6	
 472  2  4454 4452  6	
 473  2  4456 4465  1	
 474  2  4457 4454  6	
 475  2  4458 4498  6	
 476  2  4460 4441  1	
 477  2  4465 4421  6	
 478  2  4468 4460  1	
 479  2  4475 4468  1	
 480  2  4481 4437  6	
 481  2  4486 4475  1	
 482  2  4498 4500  1	
 483  2  4500 4503  1	
 484  2  4503 4507  1	
 485  2  4506 4481  6	
 486  2  4507 4511  1	
 487  2  4510 4506  1	
 488  2  4511 4515  1	
 489  2  4512 4510  1	
 490  2  4515 4521  1	
 491  2  4517 4512  1	
 492  2  4521 4524  1	
 493  2  4523 4517  1	
 494  2  4524 4526  1	
 495  2  4525 4523  1	
 496  2  4526 4529  1	
 497  2  4527 4525  1	
 498  2  4528 4527  1	
 499  2  4529 4531  1	
 500  2  4530 4528  1	
 501  2  4531 4533  1	
 502  2  4532 4530  1	
 503  2  4533 4535  1	
 504  2  4534 4532  1	
 505  2  4535 4537  1	
 506  2  4536 4534  1	
 507  2  4537 4539  1	
 508  2  4538 4536  1	
 509  2  4539 4541  1	
 510  2  4540 4538  1	
 511  2  4541 4543  1	
 512  2  4542 4540  1	
 513  2  4543 4542  1	
  END_ON_BOUNDARIES
