  ON_BOUNDARIES, UNKNOWN
 1  2  1 3  1	
 2  2  3 8  1	
 3  2  5 1  1	
 4  2  8 17  1	
 5  2  9 5  1	
 6  2  17 30  1	
 7  2  18 9  1	
 8  2  30 46  1	
 9  2  31 18  1	
 10  2  46 65  1	
 11  2  47 31  1	
 12  2  65 82  1	
 13  2  66 47  1	
 14  2  82 105  1	
 15  2  86 66  1	
 16  2  105 131  1	
 17  2  107 86  1	
 18  2  131 164  1	
 19  2  132 107  1	
 20  2  164 208  1	
 21  2  165 132  1	
 22  2  176 177  2	
 23  2  177 183  2	
 24  2  182 176  2	
 25  2  183 188  2	
 26  2  187 182  2	
 27  2  188 193  2	
 28  2  192 187  2	
 29  2  193 202  2	
 30  2  200 192  2	
 31  2  202 214  2	
 32  2  208 268  1	
 33  2  211 165  1	
 34  2  212 200  2	
 35  2  214 223  2	
 36  2  221 212  2	
 37  2  223 245  2	
 38  2  244 221  2	
 39  2  245 266  2	
 40  2  263 244  2	
 41  2  266 288  2	
 42  2  268 339  1	
 43  2  269 211  1	
 44  2  286 263  2	
 45  2  288 316  2	
 46  2  313 286  2	
 47  2  316 347  2	
 48  2  339 415  1	
 49  2  342 269  1	
 50  2  346 313  2	
 51  2  347 381  2	
 52  2  376 346  2	
 53  2  381 417  2	
 54  2  412 376  2	
 55  2  415 501  1	
 56  2  417 456  2	
 57  2  420 342  1	
 58  2  452 412  2	
 59  2  456 497  2	
 60  2  493 452  2	
 61  2  497 548  2	
 62  2  501 591  1	
 63  2  510 420  1	
 64  2  541 493  2	
 65  2  548 596  2	
 66  2  591 682  1	
 67  2  592 541  2	
 68  2  596 645  2	
 69  2  600 510  1	
 70  2  641 592  2	
 71  2  645 696  2	
 72  2  682 783  1	
 73  2  688 600  1	
 74  2  693 641  2	
 75  2  696 751  2	
 76  2  746 693  2	
 77  2  751 812  2	
 78  2  783 883  1	
 79  2  792 688  1	
 80  2  807 746  2	
 81  2  812 870  2	
 82  2  869 807  2	
 83  2  870 935  2	
 84  2  883 989  1	
 85  2  893 792  1	
 86  2  930 869  2	
 87  2  935 998  2	
 88  2  989 1101  1	
 89  2  992 930  2	
 90  2  998 1068  2	
 91  2  1000 893  1	
 92  2  1062 992  2	
 93  2  1068 1142  2	
 94  2  1101 1215  1	
 95  2  1113 1000  1	
 96  2  1138 1062  2	
 97  2  1142 1209  2	
 98  2  1208 1138  2	
 99  2  1209 1281  2	
 100  2  1215 1332  1	
 101  2  1227 1113  1	
 102  2  1280 1208  2	
 103  2  1281 1357  2	
 104  2  1332 1449  1	
 105  2  1344 1227  1	
 106  2  1356 1280  2	
 107  2  1357 1428  2	
 108  2  1427 1356  2	
 109  2  1428 1507  2	
 110  2  1449 1567  1	
 111  2  1461 1344  1	
 112  2  1505 1427  2	
 113  2  1507 1584  2	
 114  2  1567 1687  1	
 115  2  1578 1461  1	
 116  2  1582 1505  2	
 117  2  1584 1662  2	
 118  2  1658 1582  2	
 119  2  1662 1743  2	
 120  2  1687 1809  1	
 121  2  1699 1578  1	
 122  2  1741 1658  2	
 123  2  1743 1825  2	
 124  2  1809 1928  1	
 125  2  1820 1741  2	
 126  2  1821 1699  1	
 127  2  1825 1904  2	
 128  2  1901 1820  2	
 129  2  1904 1989  2	
 130  2  1928 2051  1	
 131  2  1949 1821  1	
 132  2  1985 1901  2	
 133  2  1989 2071  2	
 134  2  2051 2172  1	
 135  2  2066 1985  2	
 136  2  2067 1949  1	
 137  2  2071 2152  2	
 138  2  2146 2066  2	
 139  2  2152 2233  2	
 140  2  2172 2293  1	
 141  2  2188 2067  1	
 142  2  2230 2146  2	
 143  2  2233 2317  2	
 144  2  2293 2415  1	
 145  2  2308 2188  1	
 146  2  2310 2230  2	
 147  2  2317 2394  2	
 148  2  2385 2310  2	
 149  2  2394 2474  2	
 150  2  2415 2526  1	
 151  2  2431 2308  1	
 152  2  2469 2385  2	
 153  2  2474 2554  2	
 154  2  2526 2646  1	
 155  2  2547 2431  1	
 156  2  2549 2469  2	
 157  2  2554 2632  2	
 158  2  2630 2549  2	
 159  2  2632 2708  2	
 160  2  2646 2755  1	
 161  2  2660 2547  1	
 162  2  2702 2630  2	
 163  2  2708 2785  2	
 164  2  2755 2870  1	
 165  2  2772 2660  1	
 166  2  2780 2702  2	
 167  2  2785 2858  2	
 168  2  2853 2780  2	
 169  2  2858 2931  2	
 170  2  2870 2975  1	
 171  2  2889 2772  1	
 172  2  2927 2853  2	
 173  2  2931 3002  2	
 174  2  2975 3083  1	
 175  2  2995 2889  1	
 176  2  2999 2927  2	
 177  2  3002 3071  2	
 178  2  3067 2999  2	
 179  2  3071 3143  2	
 180  2  3083 3190  1	
 181  2  3102 2995  1	
 182  2  3137 3067  2	
 183  2  3143 3212  2	
 184  2  3190 3294  1	
 185  2  3209 3137  2	
 186  2  3210 3102  1	
 187  2  3212 3274  2	
 188  2  3271 3209  2	
 189  2  3274 3346  2	
 190  2  3294 3391  1	
 191  2  3312 3210  1	
 192  2  3341 3271  2	
 193  2  3346 3408  2	
 194  2  3391 3489  1	
 195  2  3403 3341  2	
 196  2  3408 3471  2	
 197  2  3412 3312  1	
 198  2  3468 3403  2	
 199  2  3471 3527  2	
 200  2  3489 3577  1	
 201  2  3507 3412  1	
 202  2  3523 3468  2	
 203  2  3527 3584  2	
 204  2  3577 3668  1	
 205  2  3580 3523  2	
 206  2  3584 3638  2	
 207  2  3598 3507  1	
 208  2  3637 3580  2	
 209  2  3638 3691  2	
 210  2  3668 3754  1	
 211  2  3686 3598  1	
 212  2  3690 3637  2	
 213  2  3691 3746  2	
 214  2  3744 3690  2	
 215  2  3746 3794  2	
 216  2  3754 3839  1	
 217  2  3773 3686  1	
 218  2  3789 3744  2	
 219  2  3794 3845  2	
 220  2  3839 3912  1	
 221  2  3843 3789  2	
 222  2  3845 3886  2	
 223  2  3853 3773  1	
 224  2  3884 3843  2	
 225  2  3886 3928  2	
 226  2  3912 3988  1	
 227  2  3925 3884  2	
 228  2  3928 3967  2	
 229  2  3931 3853  1	
 230  2  3965 3925  2	
 231  2  3967 4013  2	
 232  2  3988 4061  1	
 233  2  4007 3931  1	
 234  2  4009 3965  2	
 235  2  4013 4050  2	
 236  2  4049 4009  2	
 237  2  4050 4085  2	
 238  2  4061 4130  1	
 239  2  4074 4007  1	
 240  2  4082 4049  2	
 241  2  4085 4119  2	
 242  2  4116 4082  2	
 243  2  4119 4154  2	
 244  2  4130 4193  1	
 245  2  4150 4074  1	
 246  2  4152 4116  2	
 247  2  4154 4183  2	
 248  2  4180 4152  2	
 249  2  4183 4209  2	
 250  2  4193 4255  1	
 251  2  4207 4180  2	
 252  2  4209 4238  2	
 253  2  4210 4150  1	
 254  2  4235 4207  2	
 255  2  4238 4263  2	
 256  2  4255 4317  1	
 257  2  4261 4235  2	
 258  2  4263 4285  2	
 259  2  4270 4210  1	
 260  2  4283 4261  2	
 261  2  4285 4312  2	
 262  2  4309 4283  2	
 263  2  4312 4327  2	
 264  2  4317 4369  1	
 265  2  4326 4309  2	
 266  2  4327 4345  2	
 267  2  4328 4270  1	
 268  2  4344 4326  2	
 269  2  4345 4364  2	
 270  2  4363 4344  2	
 271  2  4364 4379  2	
 272  2  4369 4421  1	
 273  2  4378 4363  2	
 274  2  4379 4392  2	
 275  2  4382 4328  1	
 276  2  4390 4378  2	
 277  2  4392 4404  2	
 278  2  4403 4390  2	
 279  2  4404 4419  2	
 280  2  4417 4403  2	
 281  2  4419 4426  2	
 282  2  4421 4462  1	
 283  2  4425 4417  2	
 284  2  4426 4432  2	
 285  2  4429 4382  1	
 286  2  4430 4425  2	
 287  2  4432 4436  2	
 288  2  4435 4430  2	
 289  2  4436 4442  2	
 290  2  4441 4435  2	
 291  2  4442 4445  2	
 292  2  4444 4441  2	
 293  2  4445 4449  2	
 294  2  4447 4444  2	
 295  2  4449 4456  2	
 296  2  4455 4447  2	
 297  2  4456 4458  2	
 298  2  4457 4455  2	
 299  2  4458 4457  2	
 300  2  4462 4493  1	
 301  2  4466 4429  1	
 302  2  4493 4517  1	
 303  2  4504 4466  1	
 304  2  4517 4541  1	
 305  2  4526 4504  1	
 306  2  4541 4556  1	
 307  2  4546 4526  1	
 308  2  4556 4580  1	
 309  2  4565 4546  1	
 310  2  4580 4592  1	
 311  2  4586 4565  1	
 312  2  4592 4615  1	
 313  2  4601 4586  1	
 314  2  4615 4637  1	
 315  2  4626 4601  1	
 316  2  4637 4650  1	
 317  2  4642 4626  1	
 318  2  4650 4673  1	
 319  2  4657 4642  1	
 320  2  4673 4687  1	
 321  2  4679 4657  1	
 322  2  4687 4700  1	
 323  2  4691 4679  1	
 324  2  4700 4722  1	
 325  2  4706 4691  1	
 326  2  4722 4734  1	
 327  2  4727 4706  1	
 328  2  4734 4756  1	
 329  2  4743 4727  1	
 330  2  4756 4775  1	
 331  2  4765 4743  1	
 332  2  4775 4802  1	
 333  2  4786 4765  1	
 334  2  4802 4824  1	
 335  2  4812 4786  1	
 336  2  4824 4851  1	
 337  2  4835 4812  1	
 338  2  4851 4883  1	
 339  2  4870 4835  1	
 340  2  4883 4905  1	
 341  2  4894 4870  1	
 342  2  4905 4940  1	
 343  2  4916 4894  1	
 344  2  4917 4941  3	
 345  2  4940 4958  1	
 346  2  4941 4954  3	
 347  2  4949 4916  1	
 348  2  4954 4967  3	
 349  2  4958 4980  1	
 350  2  4967 5040  3	
 351  2  4970 4949  1	
 352  2  4978 4917  3	
 353  2  4980 5008  1	
 354  2  4990 4970  1	
 355  2  5008 5033  1	
 356  2  5024 4990  1	
 357  2  5033 5053  1	
 358  2  5040 5112  3	
 359  2  5044 5024  1	
 360  2  5045 4978  3	
 361  2  5053 5083  1	
 362  2  5068 5044  1	
 363  2  5083 5098  1	
 364  2  5091 5068  1	
 365  2  5098 5118  1	
 366  2  5108 5045  3	
 367  2  5109 5091  1	
 368  2  5112 5179  3	
 369  2  5118 5142  1	
 370  2  5133 5109  1	
 371  2  5142 5156  1	
 372  2  5149 5133  1	
 373  2  5156 5170  1	
 374  2  5162 5149  1	
 375  2  5168 5108  3	
 376  2  5170 5186  1	
 377  2  5179 5162  1	
 378  2  5186 5198  1	
 379  2  5198 5213  1	
 380  2  5213 5226  1	
 381  2  5224 5179  7	
 382  2  5225 5237  7	
 383  2  5225 5168  3	
 384  2  5226 5236  1	
 385  2  5235 5225  1	
 386  2  5236 5245  1	
 387  2  5237 5248  7	
 388  2  5244 5235  1	
 389  2  5245 5256  1	
 390  2  5248 5265  7	
 391  2  5255 5244  1	
 392  2  5256 5274  1	
 393  2  5265 5224  7	
 394  2  5273 5255  1	
 395  2  5274 5278  1	
 396  2  5277 5273  1	
 397  2  5278 5284  1	
 398  2  5283 5277  1	
 399  2  5284 5290  1	
 400  2  5289 5283  1	
 401  2  5290 5296  1	
 402  2  5295 5289  1	
 403  2  5296 5308  1	
 404  2  5307 5295  1	
 405  2  5308 5310  1	
 406  2  5309 5307  1	
 407  2  5310 5312  1	
 408  2  5311 5309  1	
 409  2  5312 5314  1	
 410  2  5313 5311  1	
 411  2  5314 5316  1	
 412  2  5315 5313  1	
 413  2  5316 5318  1	
 414  2  5317 5315  1	
 415  2  5318 5320  1	
 416  2  5319 5317  1	
 417  2  5320 5322  1	
 418  2  5321 5319  1	
 419  2  5322 5324  1	
 420  2  5323 5321  1	
 421  2  5324 5326  1	
 422  2  5325 5323  1	
 423  2  5326 5328  1	
 424  2  5327 5325  1	
 425  2  5328 5330  1	
 426  2  5329 5327  1	
 427  2  5330 5332  1	
 428  2  5331 5329  1	
 429  2  5332 5333  1	
 430  2  5333 5331  1	
  END_ON_BOUNDARIES
