  ON_BOUNDARIES, UNKNOWN
 1  2  1 5  1	
 2  2  4 1  1	
 3  2  5 11  1	
 4  2  11 21  1	
 5  2  12 4  1	
 6  2  21 34  1	
 7  2  22 12  1	
 8  2  34 55  1	
 9  2  35 22  1	
 10  2  55 76  1	
 11  2  56 35  1	
 12  2  76 100  1	
 13  2  77 56  1	
 14  2  100 122  1	
 15  2  101 77  1	
 16  2  122 153  1	
 17  2  123 101  1	
 18  2  153 184  1	
 19  2  154 123  1	
 20  2  184 222  1	
 21  2  185 154  1	
 22  2  222 256  1	
 23  2  223 185  1	
 24  2  256 298  1	
 25  2  257 223  1	
 26  2  297 257  1	
 27  2  298 341  1	
 28  2  340 297  1	
 29  2  341 385  1	
 30  2  384 340  1	
 31  2  385 431  1	
 32  2  430 384  1	
 33  2  431 479  1	
 34  2  478 430  1	
 35  2  479 529  1	
 36  2  528 478  1	
 37  2  529 588  1	
 38  2  588 655  1	
 39  2  589 528  1	
 40  2  655 759  1	
 41  2  656 589  1	
 42  2  670 672  2	
 43  2  671 670  2	
 44  2  672 677  2	
 45  2  675 671  2	
 46  2  677 686  2	
 47  2  680 675  2	
 48  2  686 689  2	
 49  2  688 680  2	
 50  2  689 696  2	
 51  2  692 688  2	
 52  2  696 704  2	
 53  2  698 692  2	
 54  2  704 717  2	
 55  2  708 698  2	
 56  2  717 729  2	
 57  2  723 708  2	
 58  2  729 745  2	
 59  2  739 723  2	
 60  2  745 766  2	
 61  2  751 739  2	
 62  2  759 889  1	
 63  2  760 656  1	
 64  2  766 789  2	
 65  2  772 751  2	
 66  2  789 808  2	
 67  2  794 772  2	
 68  2  808 835  2	
 69  2  819 794  2	
 70  2  835 863  2	
 71  2  848 819  2	
 72  2  863 893  2	
 73  2  874 848  2	
 74  2  889 1042  1	
 75  2  890 760  1	
 76  2  893 932  2	
 77  2  908 874  2	
 78  2  932 967  2	
 79  2  944 908  2	
 80  2  967 1003  2	
 81  2  981 944  2	
 82  2  1003 1050  2	
 83  2  1023 981  2	
 84  2  1042 1212  1	
 85  2  1043 890  1	
 86  2  1050 1094  2	
 87  2  1066 1023  2	
 88  2  1094 1144  2	
 89  2  1116 1066  2	
 90  2  1144 1197  2	
 91  2  1164 1116  2	
 92  2  1197 1253  2	
 93  2  1212 1401  1	
 94  2  1213 1043  1	
 95  2  1226 1164  2	
 96  2  1253 1310  2	
 97  2  1276 1226  2	
 98  2  1310 1375  2	
 99  2  1340 1276  2	
 100  2  1375 1437  2	
 101  2  1401 1593  1	
 102  2  1402 1213  1	
 103  2  1403 1340  2	
 104  2  1437 1504  2	
 105  2  1469 1403  2	
 106  2  1504 1570  2	
 107  2  1534 1469  2	
 108  2  1570 1647  2	
 109  2  1593 1795  1	
 110  2  1594 1402  1	
 111  2  1604 1534  2	
 112  2  1647 1722  2	
 113  2  1675 1604  2	
 114  2  1722 1797  2	
 115  2  1749 1675  2	
 116  2  1795 2005  1	
 117  2  1796 1594  1	
 118  2  1797 1874  2	
 119  2  1831 1749  2	
 120  2  1874 1958  2	
 121  2  1909 1831  2	
 122  2  1958 2050  2	
 123  2  1989 1909  2	
 124  2  2004 1796  1	
 125  2  2005 2244  1	
 126  2  2050 2139  2	
 127  2  2084 1989  2	
 128  2  2139 2232  2	
 129  2  2175 2084  2	
 130  2  2232 2330  2	
 131  2  2243 2004  1	
 132  2  2244 2491  1	
 133  2  2276 2175  2	
 134  2  2330 2427  2	
 135  2  2372 2276  2	
 136  2  2427 2532  2	
 137  2  2469 2372  2	
 138  2  2490 2243  1	
 139  2  2491 2745  1	
 140  2  2532 2637  2	
 141  2  2578 2469  2	
 142  2  2637 2742  2	
 143  2  2679 2578  2	
 144  2  2742 2850  2	
 145  2  2744 2490  1	
 146  2  2745 2995  1	
 147  2  2787 2679  2	
 148  2  2850 2956  2	
 149  2  2895 2787  2	
 150  2  2956 3068  2	
 151  2  2994 2744  1	
 152  2  2995 3262  1	
 153  2  3004 2895  2	
 154  2  3068 3179  2	
 155  2  3115 3004  2	
 156  2  3179 3298  2	
 157  2  3229 3115  2	
 158  2  3261 2994  1	
 159  2  3262 3540  1	
 160  2  3298 3420  2	
 161  2  3345 3229  2	
 162  2  3420 3538  2	
 163  2  3468 3345  2	
 164  2  3538 3662  2	
 165  2  3539 3261  1	
 166  2  3540 3820  1	
 167  2  3586 3468  2	
 168  2  3662 3787  2	
 169  2  3715 3586  2	
 170  2  3787 3908  2	
 171  2  3819 3539  1	
 172  2  3820 4107  1	
 173  2  3837 3715  2	
 174  2  3908 4039  2	
 175  2  3960 3837  2	
 176  2  4039 4162  2	
 177  2  4087 3960  2	
 178  2  4106 3819  1	
 179  2  4107 4399  1	
 180  2  4162 4291  2	
 181  2  4224 4087  2	
 182  2  4291 4421  2	
 183  2  4353 4224  2	
 184  2  4398 4106  1	
 185  2  4399 4682  1	
 186  2  4421 4547  2	
 187  2  4476 4353  2	
 188  2  4547 4679  2	
 189  2  4605 4476  2	
 190  2  4679 4806  2	
 191  2  4681 4398  1	
 192  2  4682 4966  1	
 193  2  4736 4605  2	
 194  2  4806 4935  2	
 195  2  4865 4736  2	
 196  2  4935 5064  2	
 197  2  4965 4681  1	
 198  2  4966 5264  1	
 199  2  4988 4865  2	
 200  2  5064 5194  2	
 201  2  5120 4988  2	
 202  2  5194 5331  2	
 203  2  5254 5120  2	
 204  2  5263 4965  1	
 205  2  5264 5557  1	
 206  2  5331 5459  2	
 207  2  5387 5254  2	
 208  2  5459 5597  2	
 209  2  5512 5387  2	
 210  2  5556 5263  1	
 211  2  5557 5863  1	
 212  2  5597 5736  2	
 213  2  5655 5512  2	
 214  2  5736 5873  2	
 215  2  5793 5655  2	
 216  2  5862 5556  1	
 217  2  5863 6168  1	
 218  2  5873 6006  2	
 219  2  5930 5793  2	
 220  2  6006 6138  2	
 221  2  6060 5930  2	
 222  2  6138 6277  2	
 223  2  6167 5862  1	
 224  2  6168 6468  1	
 225  2  6200 6060  2	
 226  2  6277 6402  2	
 227  2  6329 6200  2	
 228  2  6402 6546  2	
 229  2  6463 6329  2	
 230  2  6467 6167  1	
 231  2  6468 6775  1	
 232  2  6546 6672  2	
 233  2  6595 6463  2	
 234  2  6672 6807  2	
 235  2  6727 6595  2	
 236  2  6774 6467  1	
 237  2  6775 7063  1	
 238  2  6807 6938  2	
 239  2  6870 6727  2	
 240  2  6938 7064  2	
 241  2  6991 6870  2	
 242  2  7062 6774  1	
 243  2  7063 7358  1	
 244  2  7064 7200  2	
 245  2  7124 6991  2	
 246  2  7200 7322  2	
 247  2  7250 7124  2	
 248  2  7322 7453  2	
 249  2  7357 7062  1	
 250  2  7358 7660  1	
 251  2  7384 7250  2	
 252  2  7453 7580  2	
 253  2  7506 7384  2	
 254  2  7580 7710  2	
 255  2  7634 7506  2	
 256  2  7659 7357  1	
 257  2  7660 7950  1	
 258  2  7710 7827  2	
 259  2  7757 7634  2	
 260  2  7827 7959  2	
 261  2  7881 7757  2	
 262  2  7949 7659  1	
 263  2  7950 8241  1	
 264  2  7959 8067  2	
 265  2  8001 7881  2	
 266  2  8067 8198  2	
 267  2  8120 8001  2	
 268  2  8198 8314  2	
 269  2  8240 7949  1	
 270  2  8241 8531  1	
 271  2  8252 8120  2	
 272  2  8314 8430  2	
 273  2  8362 8252  2	
 274  2  8430 8558  2	
 275  2  8483 8362  2	
 276  2  8530 8240  1	
 277  2  8531 8812  1	
 278  2  8558 8670  2	
 279  2  8606 8483  2	
 280  2  8670 8783  2	
 281  2  8713 8606  2	
 282  2  8783 8901  2	
 283  2  8811 8530  1	
 284  2  8812 9086  1	
 285  2  8836 8713  2	
 286  2  8901 9006  2	
 287  2  8942 8836  2	
 288  2  9006 9116  2	
 289  2  9052 8942  2	
 290  2  9085 8811  1	
 291  2  9086 9356  1	
 292  2  9116 9229  2	
 293  2  9158 9052  2	
 294  2  9229 9331  2	
 295  2  9266 9158  2	
 296  2  9331 9429  2	
 297  2  9355 9085  1	
 298  2  9356 9617  1	
 299  2  9374 9266  2	
 300  2  9429 9534  2	
 301  2  9466 9374  2	
 302  2  9534 9634  2	
 303  2  9576 9466  2	
 304  2  9616 9355  1	
 305  2  9617 9876  1	
 306  2  9634 9727  2	
 307  2  9668 9576  2	
 308  2  9727 9831  2	
 309  2  9769 9668  2	
 310  2  9831 9917  2	
 311  2  9867 9769  2	
 312  2  9875 9616  1	
 313  2  9876 10124  1	
 314  2  9917 10004  2	
 315  2  9952 9867  2	
 316  2  10004 10094  2	
 317  2  10041 9952  2	
 318  2  10094 10186  2	
 319  2  10124 10360  1	
 320  2  10125 9875  1	
 321  2  10135 10041  2	
 322  2  10186 10270  2	
 323  2  10216 10135  2	
 324  2  10270 10353  2	
 325  2  10301 10216  2	
 326  2  10353 10437  2	
 327  2  10360 10605  1	
 328  2  10361 10125  1	
 329  2  10396 10301  2	
 330  2  10437 10520  2	
 331  2  10474 10396  2	
 332  2  10520 10599  2	
 333  2  10558 10474  2	
 334  2  10599 10678  2	
 335  2  10605 10839  1	
 336  2  10606 10361  1	
 337  2  10633 10558  2	
 338  2  10678 10750  2	
 339  2  10713 10633  2	
 340  2  10750 10828  2	
 341  2  10786 10713  2	
 342  2  10828 10898  2	
 343  2  10839 11060  1	
 344  2  10840 10606  1	
 345  2  10860 10786  2	
 346  2  10898 10965  2	
 347  2  10925 10860  2	
 348  2  10965 11036  2	
 349  2  10996 10925  2	
 350  2  11036 11095  2	
 351  2  11060 11270  1	
 352  2  11061 10840  1	
 353  2  11064 10996  2	
 354  2  11095 11163  2	
 355  2  11129 11064  2	
 356  2  11163 11223  2	
 357  2  11191 11129  2	
 358  2  11223 11280  2	
 359  2  11248 11191  2	
 360  2  11270 11473  1	
 361  2  11271 11061  1	
 362  2  11280 11336  2	
 363  2  11307 11248  2	
 364  2  11336 11391  2	
 365  2  11363 11307  2	
 366  2  11391 11446  2	
 367  2  11418 11363  2	
 368  2  11446 11497  2	
 369  2  11466 11418  2	
 370  2  11473 11656  1	
 371  2  11474 11271  1	
 372  2  11497 11543  2	
 373  2  11518 11466  2	
 374  2  11543 11591  2	
 375  2  11561 11518  2	
 376  2  11591 11632  2	
 377  2  11605 11561  2	
 378  2  11632 11672  2	
 379  2  11649 11605  2	
 380  2  11656 11828  1	
 381  2  11657 11474  1	
 382  2  11672 11715  2	
 383  2  11690 11649  2	
 384  2  11715 11747  2	
 385  2  11728 11690  2	
 386  2  11747 11787  2	
 387  2  11764 11728  2	
 388  2  11787 11823  2	
 389  2  11803 11764  2	
 390  2  11823 11856  2	
 391  2  11827 11657  1	
 392  2  11828 11998  1	
 393  2  11834 11803  2	
 394  2  11856 11892  2	
 395  2  11870 11834  2	
 396  2  11892 11920  2	
 397  2  11907 11870  2	
 398  2  11920 11949  2	
 399  2  11930 11907  2	
 400  2  11949 11980  2	
 401  2  11961 11930  2	
 402  2  11980 12006  2	
 403  2  11990 11961  2	
 404  2  11997 11827  1	
 405  2  11998 12142  1	
 406  2  12006 12030  2	
 407  2  12016 11990  2	
 408  2  12030 12058  2	
 409  2  12043 12016  2	
 410  2  12058 12076  2	
 411  2  12067 12043  2	
 412  2  12076 12097  2	
 413  2  12085 12067  2	
 414  2  12097 12117  2	
 415  2  12104 12085  2	
 416  2  12117 12131  2	
 417  2  12123 12104  2	
 418  2  12131 12144  2	
 419  2  12137 12123  2	
 420  2  12141 11997  1	
 421  2  12142 12266  1	
 422  2  12144 12156  2	
 423  2  12148 12137  2	
 424  2  12156 12171  2	
 425  2  12161 12148  2	
 426  2  12171 12185  2	
 427  2  12178 12161  2	
 428  2  12185 12195  2	
 429  2  12188 12178  2	
 430  2  12195 12202  2	
 431  2  12196 12188  2	
 432  2  12202 12209  2	
 433  2  12204 12196  2	
 434  2  12209 12213  2	
 435  2  12211 12204  2	
 436  2  12213 12217  2	
 437  2  12214 12211  2	
 438  2  12217 12225  2	
 439  2  12222 12214  2	
 440  2  12225 12231  2	
 441  2  12228 12222  2	
 442  2  12231 12236  2	
 443  2  12233 12228  2	
 444  2  12236 12239  2	
 445  2  12238 12233  2	
 446  2  12239 12241  2	
 447  2  12240 12238  2	
 448  2  12241 12242  2	
 449  2  12242 12240  2	
 450  2  12265 12141  1	
 451  2  12266 12340  1	
 452  2  12339 12265  1	
 453  2  12340 12409  1	
 454  2  12408 12339  1	
 455  2  12409 12468  1	
 456  2  12468 12529  1	
 457  2  12469 12408  1	
 458  2  12529 12586  1	
 459  2  12530 12469  1	
 460  2  12586 12642  1	
 461  2  12587 12530  1	
 462  2  12642 12699  1	
 463  2  12643 12587  1	
 464  2  12699 12748  1	
 465  2  12700 12643  1	
 466  2  12748 12800  1	
 467  2  12749 12700  1	
 468  2  12800 12853  1	
 469  2  12801 12749  1	
 470  2  12853 12902  1	
 471  2  12854 12801  1	
 472  2  12902 12946  1	
 473  2  12903 12854  1	
 474  2  12946 12995  1	
 475  2  12947 12903  1	
 476  2  12995 13037  1	
 477  2  12996 12947  1	
 478  2  13037 13083  1	
 479  2  13038 12996  1	
 480  2  13083 13127  1	
 481  2  13084 13038  1	
 482  2  13126 13084  1	
 483  2  13127 13161  1	
 484  2  13161 13203  1	
 485  2  13162 13126  1	
 486  2  13203 13239  1	
 487  2  13204 13162  1	
 488  2  13239 13274  1	
 489  2  13240 13204  1	
 490  2  13274 13307  1	
 491  2  13275 13240  1	
 492  2  13307 13338  1	
 493  2  13308 13275  1	
 494  2  13338 13373  1	
 495  2  13339 13308  1	
 496  2  13373 13404  1	
 497  2  13374 13339  1	
 498  2  13404 13435  1	
 499  2  13405 13374  1	
 500  2  13435 13460  1	
 501  2  13436 13405  1	
 502  2  13460 13490  1	
 503  2  13461 13436  1	
 504  2  13490 13511  1	
 505  2  13491 13461  1	
 506  2  13511 13537  1	
 507  2  13512 13491  1	
 508  2  13536 13512  1	
 509  2  13537 13561  1	
 510  2  13560 13536  1	
 511  2  13561 13580  1	
 512  2  13579 13560  1	
 513  2  13580 13608  1	
 514  2  13607 13579  1	
 515  2  13608 13627  1	
 516  2  13626 13607  1	
 517  2  13627 13642  1	
 518  2  13641 13626  1	
 519  2  13642 13664  1	
 520  2  13664 13675  1	
 521  2  13665 13641  1	
 522  2  13675 13689  1	
 523  2  13676 13665  1	
 524  2  13689 13707  1	
 525  2  13690 13676  1	
 526  2  13707 13718  1	
 527  2  13708 13690  1	
 528  2  13718 13728  1	
 529  2  13719 13708  1	
 530  2  13728 13741  1	
 531  2  13729 13719  1	
 532  2  13741 13750  1	
 533  2  13742 13729  1	
 534  2  13750 13755  1	
 535  2  13751 13742  1	
 536  2  13755 13761  1	
 537  2  13756 13751  1	
 538  2  13760 13756  1	
 539  2  13761 13767  1	
 540  2  13766 13760  1	
 541  2  13767 13777  1	
 542  2  13776 13766  1	
 543  2  13777 13782  1	
 544  2  13781 13776  1	
 545  2  13782 13784  1	
 546  2  13783 13781  1	
 547  2  13784 13786  1	
 548  2  13785 13783  1	
 549  2  13786 13788  1	
 550  2  13787 13785  1	
 551  2  13788 13790  1	
 552  2  13789 13787  1	
 553  2  13790 13792  1	
 554  2  13791 13789  1	
 555  2  13792 13794  1	
 556  2  13793 13791  1	
 557  2  13794 13796  1	
 558  2  13795 13793  1	
 559  2  13796 13798  1	
 560  2  13797 13795  1	
 561  2  13798 13800  1	
 562  2  13799 13797  1	
 563  2  13800 13802  1	
 564  2  13801 13799  1	
 565  2  13802 13801  1	
  END_ON_BOUNDARIES
