 CSR FORMAT
 NONULL =         2853
 ROWS (IA)
           1           1
           2           6
           3          10
           4          14
           5          18
           6          22
           7          27
           8          31
           9          35
          10          39
          11          43
          12          47
          13          52
          14          56
          15          60
          16          64
          17          68
          18          73
          19          77
          20          81
          21          85
          22          89
          23          94
          24          98
          25         102
          26         106
          27         110
          28         115
          29         119
          30         123
          31         127
          32         131
          33         136
          34         140
          35         144
          36         148
          37         152
          38         156
          39         161
          40         165
          41         169
          42         173
          43         177
          44         183
          45         189
          46         195
          47         201
          48         207
          49         213
          50         218
          51         224
          52         231
          53         237
          54         243
          55         249
          56         255
          57         260
          58         266
          59         272
          60         278
          61         285
          62         291
          63         296
          64         302
          65         308
          66         314
          67         320
          68         326
          69         332
          70         338
          71         344
          72         350
          73         356
          74         362
          75         367
          76         373
          77         380
          78         386
          79         392
          80         398
          81         403
          82         409
          83         415
          84         421
          85         427
          86         434
          87         440
          88         445
          89         451
          90         457
          91         463
          92         469
          93         475
          94         481
          95         487
          96         493
          97         499
          98         505
          99         511
         100         517
         101         523
         102         529
         103         535
         104         541
         105         547
         106         553
         107         559
         108         565
         109         571
         110         577
         111         583
         112         589
         113         595
         114         601
         115         607
         116         613
         117         619
         118         625
         119         631
         120         637
         121         643
         122         649
         123         655
         124         661
         125         667
         126         673
         127         679
         128         685
         129         691
         130         697
         131         703
         132         709
         133         715
         134         721
         135         727
         136         733
         137         739
         138         745
         139         751
         140         757
         141         763
         142         769
         143         775
         144         781
         145         787
         146         793
         147         799
         148         805
         149         811
         150         817
         151         823
         152         829
         153         835
         154         841
         155         847
         156         853
         157         859
         158         865
         159         871
         160         877
         161         883
         162         889
         163         895
         164         901
         165         907
         166         913
         167         919
         168         925
         169         931
         170         937
         171         943
         172         949
         173         955
         174         961
         175         967
         176         973
         177         979
         178         985
         179         991
         180         997
         181        1003
         182        1009
         183        1015
         184        1021
         185        1027
         186        1033
         187        1039
         188        1045
         189        1051
         190        1057
         191        1063
         192        1069
         193        1075
         194        1081
         195        1087
         196        1093
         197        1099
         198        1105
         199        1111
         200        1117
         201        1123
         202        1129
         203        1135
         204        1141
         205        1147
         206        1153
         207        1159
         208        1165
         209        1171
         210        1177
         211        1183
         212        1189
         213        1195
         214        1201
         215        1207
         216        1213
         217        1219
         218        1225
         219        1231
         220        1237
         221        1243
         222        1249
         223        1255
         224        1261
         225        1267
         226        1273
         227        1279
         228        1285
         229        1291
         230        1297
         231        1303
         232        1309
         233        1315
         234        1321
         235        1327
         236        1333
         237        1339
         238        1345
         239        1351
         240        1357
         241        1363
         242        1369
         243        1375
         244        1381
         245        1387
         246        1393
         247        1399
         248        1405
         249        1411
         250        1417
         251        1423
         252        1429
         253        1435
         254        1441
         255        1447
         256        1453
         257        1459
         258        1465
         259        1471
         260        1477
         261        1483
         262        1489
         263        1495
         264        1501
         265        1507
         266        1513
         267        1519
         268        1525
         269        1531
         270        1537
         271        1543
         272        1549
         273        1555
         274        1561
         275        1567
         276        1573
         277        1579
         278        1585
         279        1591
         280        1597
         281        1603
         282        1609
         283        1615
         284        1621
         285        1627
         286        1633
         287        1639
         288        1645
         289        1651
         290        1657
         291        1663
         292        1669
         293        1675
         294        1681
         295        1687
         296        1693
         297        1699
         298        1705
         299        1711
         300        1717
         301        1723
         302        1729
         303        1735
         304        1741
         305        1747
         306        1753
         307        1759
         308        1765
         309        1771
         310        1777
         311        1783
         312        1789
         313        1795
         314        1801
         315        1807
         316        1813
         317        1819
         318        1825
         319        1831
         320        1837
         321        1843
         322        1849
         323        1855
         324        1861
         325        1867
         326        1873
         327        1879
         328        1885
         329        1891
         330        1897
         331        1903
         332        1909
         333        1915
         334        1921
         335        1927
         336        1933
         337        1939
         338        1945
         339        1951
         340        1957
         341        1963
         342        1969
         343        1975
         344        1981
         345        1987
         346        1993
         347        1999
         348        2005
         349        2011
         350        2017
         351        2023
         352        2029
         353        2035
         354        2041
         355        2047
         356        2053
         357        2059
         358        2065
         359        2071
         360        2077
         361        2083
         362        2089
         363        2095
         364        2101
         365        2107
         366        2113
         367        2119
         368        2125
         369        2131
         370        2137
         371        2143
         372        2149
         373        2155
         374        2161
         375        2167
         376        2173
         377        2179
         378        2185
         379        2191
         380        2197
         381        2203
         382        2209
         383        2215
         384        2221
         385        2227
         386        2233
         387        2239
         388        2245
         389        2251
         390        2257
         391        2263
         392        2269
         393        2275
         394        2281
         395        2287
         396        2293
         397        2299
         398        2305
         399        2311
         400        2317
         401        2323
         402        2329
         403        2335
         404        2341
         405        2347
         406        2353
         407        2359
         408        2365
         409        2371
         410        2377
         411        2383
         412        2389
         413        2395
         414        2401
         415        2407
         416        2413
         417        2419
         418        2425
         419        2431
         420        2437
         421        2443
         422        2449
         423        2455
         424        2461
         425        2467
         426        2473
         427        2479
         428        2485
         429        2491
         430        2497
         431        2503
         432        2509
         433        2515
         434        2518
         435        2522
         436        2526
         437        2530
         438        2534
         439        2538
         440        2542
         441        2546
         442        2550
         443        2554
         444        2558
         445        2562
         446        2566
         447        2570
         448        2573
         449        2577
         450        2581
         451        2585
         452        2589
         453        2593
         454        2597
         455        2601
         456        2605
         457        2609
         458        2613
         459        2617
         460        2621
         461        2625
         462        2629
         463        2632
         464        2636
         465        2640
         466        2644
         467        2648
         468        2652
         469        2656
         470        2660
         471        2664
         472        2668
         473        2672
         474        2676
         475        2680
         476        2684
         477        2687
         478        2691
         479        2695
         480        2699
         481        2703
         482        2707
         483        2711
         484        2715
         485        2719
         486        2723
         487        2727
         488        2731
         489        2735
         490        2739
         491        2742
         492        2746
         493        2750
         494        2754
         495        2758
         496        2762
         497        2766
         498        2770
         499        2774
         500        2778
         501        2782
         502        2786
         503        2790
         504        2794
         505        2798
         506        2801
         507        2805
         508        2809
         509        2813
         510        2817
         511        2821
         512        2825
         513        2829
         514        2833
         515        2837
         516        2841
         517        2845
         518        2849
         519        2853
 END_ROWS
 COLUMNS (JA)
           1           2
           2          42
           3          43
           4          44
           5          92
           6           1
           7           3
           8          44
           9          45
          10           2
          11           4
          12          45
          13          46
          14           3
          15           5
          16          46
          17          47
          18           4
          19           6
          20          47
          21          48
          22           5
          23           7
          24          48
          25          49
          26          50
          27           6
          28           8
          29          50
          30          51
          31           7
          32           9
          33          51
          34          52
          35           8
          36          10
          37          52
          38          53
          39           9
          40          11
          41          53
          42          54
          43          10
          44          12
          45          54
          46          55
          47          11
          48          13
          49          55
          50          56
          51          57
          52          12
          53          14
          54          57
          55          58
          56          13
          57          15
          58          58
          59          59
          60          14
          61          16
          62          59
          63          60
          64          15
          65          17
          66          60
          67          61
          68          16
          69          18
          70          61
          71          62
          72          63
          73          17
          74          19
          75          63
          76          64
          77          18
          78          20
          79          64
          80          65
          81          19
          82          21
          83          65
          84          66
          85          20
          86          22
          87          66
          88          67
          89          21
          90          23
          91          67
          92          68
          93          69
          94          22
          95          24
          96          69
          97          70
          98          23
          99          25
         100          70
         101          71
         102          24
         103          26
         104          71
         105          72
         106          25
         107          27
         108          72
         109          73
         110          26
         111          28
         112          73
         113          74
         114          75
         115          27
         116          29
         117          75
         118          76
         119          28
         120          30
         121          76
         122          77
         123          29
         124          31
         125          77
         126          78
         127          30
         128          32
         129          78
         130          79
         131          31
         132          33
         133          79
         134          80
         135          81
         136          32
         137          34
         138          81
         139          82
         140          33
         141          35
         142          82
         143          83
         144          34
         145          36
         146          83
         147          84
         148          35
         149          37
         150          84
         151          85
         152          36
         153          38
         154          85
         155          86
         156          37
         157          39
         158          86
         159          87
         160          88
         161          38
         162          40
         163          88
         164          89
         165          39
         166          41
         167          89
         168          90
         169          40
         170          42
         171          90
         172          91
         173           1
         174          41
         175          91
         176          92
         177           1
         178          44
         179          92
         180          93
         181          94
         182         148
         183           1
         184           2
         185          43
         186          45
         187          94
         188          95
         189           2
         190           3
         191          44
         192          46
         193          95
         194          96
         195           3
         196           4
         197          45
         198          47
         199          96
         200          97
         201           4
         202           5
         203          46
         204          48
         205          97
         206          98
         207           5
         208           6
         209          47
         210          49
         211          98
         212          99
         213           6
         214          48
         215          50
         216          99
         217         100
         218           6
         219           7
         220          49
         221          51
         222         100
         223         101
         224           7
         225           8
         226          50
         227          52
         228         101
         229         102
         230         103
         231           8
         232           9
         233          51
         234          53
         235         103
         236         104
         237           9
         238          10
         239          52
         240          54
         241         104
         242         105
         243          10
         244          11
         245          53
         246          55
         247         105
         248         106
         249          11
         250          12
         251          54
         252          56
         253         106
         254         107
         255          12
         256          55
         257          57
         258         107
         259         108
         260          12
         261          13
         262          56
         263          58
         264         108
         265         109
         266          13
         267          14
         268          57
         269          59
         270         109
         271         110
         272          14
         273          15
         274          58
         275          60
         276         110
         277         111
         278          15
         279          16
         280          59
         281          61
         282         111
         283         112
         284         113
         285          16
         286          17
         287          60
         288          62
         289         113
         290         114
         291          17
         292          61
         293          63
         294         114
         295         115
         296          17
         297          18
         298          62
         299          64
         300         115
         301         116
         302          18
         303          19
         304          63
         305          65
         306         116
         307         117
         308          19
         309          20
         310          64
         311          66
         312         117
         313         118
         314          20
         315          21
         316          65
         317          67
         318         118
         319         119
         320          21
         321          22
         322          66
         323          68
         324         119
         325         120
         326          22
         327          67
         328          69
         329         120
         330         121
         331         122
         332          22
         333          23
         334          68
         335          70
         336         122
         337         123
         338          23
         339          24
         340          69
         341          71
         342         123
         343         124
         344          24
         345          25
         346          70
         347          72
         348         124
         349         125
         350          25
         351          26
         352          71
         353          73
         354         125
         355         126
         356          26
         357          27
         358          72
         359          74
         360         126
         361         127
         362          27
         363          73
         364          75
         365         127
         366         128
         367          27
         368          28
         369          74
         370          76
         371         128
         372         129
         373          28
         374          29
         375          75
         376          77
         377         129
         378         130
         379         131
         380          29
         381          30
         382          76
         383          78
         384         131
         385         132
         386          30
         387          31
         388          77
         389          79
         390         132
         391         133
         392          31
         393          32
         394          78
         395          80
         396         133
         397         134
         398          32
         399          79
         400          81
         401         134
         402         135
         403          32
         404          33
         405          80
         406          82
         407         135
         408         136
         409          33
         410          34
         411          81
         412          83
         413         136
         414         137
         415          34
         416          35
         417          82
         418          84
         419         137
         420         138
         421          35
         422          36
         423          83
         424          85
         425         138
         426         139
         427          36
         428          37
         429          84
         430          86
         431         139
         432         140
         433         141
         434          37
         435          38
         436          85
         437          87
         438         141
         439         142
         440          38
         441          86
         442          88
         443         142
         444         143
         445          38
         446          39
         447          87
         448          89
         449         143
         450         144
         451          39
         452          40
         453          88
         454          90
         455         144
         456         145
         457          40
         458          41
         459          89
         460          91
         461         145
         462         146
         463          41
         464          42
         465          90
         466          92
         467         146
         468         147
         469           1
         470          42
         471          43
         472          91
         473         147
         474         148
         475          43
         476          94
         477         148
         478         149
         479         150
         480         210
         481          43
         482          44
         483          93
         484          95
         485         150
         486         151
         487          44
         488          45
         489          94
         490          96
         491         151
         492         152
         493          45
         494          46
         495          95
         496          97
         497         152
         498         153
         499          46
         500          47
         501          96
         502          98
         503         153
         504         154
         505          47
         506          48
         507          97
         508          99
         509         154
         510         155
         511          48
         512          49
         513          98
         514         100
         515         155
         516         156
         517          49
         518          50
         519          99
         520         101
         521         156
         522         157
         523          50
         524          51
         525         100
         526         102
         527         157
         528         158
         529          51
         530         101
         531         103
         532         158
         533         159
         534         160
         535          51
         536          52
         537         102
         538         104
         539         160
         540         161
         541          52
         542          53
         543         103
         544         105
         545         161
         546         162
         547          53
         548          54
         549         104
         550         106
         551         162
         552         163
         553          54
         554          55
         555         105
         556         107
         557         163
         558         164
         559          55
         560          56
         561         106
         562         108
         563         164
         564         165
         565          56
         566          57
         567         107
         568         109
         569         165
         570         166
         571          57
         572          58
         573         108
         574         110
         575         166
         576         167
         577          58
         578          59
         579         109
         580         111
         581         167
         582         168
         583          59
         584          60
         585         110
         586         112
         587         168
         588         169
         589          60
         590         111
         591         113
         592         169
         593         170
         594         171
         595          60
         596          61
         597         112
         598         114
         599         171
         600         172
         601          61
         602          62
         603         113
         604         115
         605         172
         606         173
         607          62
         608          63
         609         114
         610         116
         611         173
         612         174
         613          63
         614          64
         615         115
         616         117
         617         174
         618         175
         619          64
         620          65
         621         116
         622         118
         623         175
         624         176
         625          65
         626          66
         627         117
         628         119
         629         176
         630         177
         631          66
         632          67
         633         118
         634         120
         635         177
         636         178
         637          67
         638          68
         639         119
         640         121
         641         178
         642         179
         643          68
         644         120
         645         122
         646         179
         647         180
         648         181
         649          68
         650          69
         651         121
         652         123
         653         181
         654         182
         655          69
         656          70
         657         122
         658         124
         659         182
         660         183
         661          70
         662          71
         663         123
         664         125
         665         183
         666         184
         667          71
         668          72
         669         124
         670         126
         671         184
         672         185
         673          72
         674          73
         675         125
         676         127
         677         185
         678         186
         679          73
         680          74
         681         126
         682         128
         683         186
         684         187
         685          74
         686          75
         687         127
         688         129
         689         187
         690         188
         691          75
         692          76
         693         128
         694         130
         695         188
         696         189
         697          76
         698         129
         699         131
         700         189
         701         190
         702         191
         703          76
         704          77
         705         130
         706         132
         707         191
         708         192
         709          77
         710          78
         711         131
         712         133
         713         192
         714         193
         715          78
         716          79
         717         132
         718         134
         719         193
         720         194
         721          79
         722          80
         723         133
         724         135
         725         194
         726         195
         727          80
         728          81
         729         134
         730         136
         731         195
         732         196
         733          81
         734          82
         735         135
         736         137
         737         196
         738         197
         739          82
         740          83
         741         136
         742         138
         743         197
         744         198
         745          83
         746          84
         747         137
         748         139
         749         198
         750         199
         751          84
         752          85
         753         138
         754         140
         755         199
         756         200
         757          85
         758         139
         759         141
         760         200
         761         201
         762         202
         763          85
         764          86
         765         140
         766         142
         767         202
         768         203
         769          86
         770          87
         771         141
         772         143
         773         203
         774         204
         775          87
         776          88
         777         142
         778         144
         779         204
         780         205
         781          88
         782          89
         783         143
         784         145
         785         205
         786         206
         787          89
         788          90
         789         144
         790         146
         791         206
         792         207
         793          90
         794          91
         795         145
         796         147
         797         207
         798         208
         799          91
         800          92
         801         146
         802         148
         803         208
         804         209
         805          43
         806          92
         807          93
         808         147
         809         209
         810         210
         811          93
         812         150
         813         210
         814         211
         815         212
         816         278
         817          93
         818          94
         819         149
         820         151
         821         212
         822         213
         823          94
         824          95
         825         150
         826         152
         827         213
         828         214
         829          95
         830          96
         831         151
         832         153
         833         214
         834         215
         835          96
         836          97
         837         152
         838         154
         839         215
         840         216
         841          97
         842          98
         843         153
         844         155
         845         216
         846         217
         847          98
         848          99
         849         154
         850         156
         851         217
         852         218
         853          99
         854         100
         855         155
         856         157
         857         218
         858         219
         859         100
         860         101
         861         156
         862         158
         863         219
         864         220
         865         101
         866         102
         867         157
         868         159
         869         220
         870         221
         871         102
         872         158
         873         160
         874         221
         875         222
         876         223
         877         102
         878         103
         879         159
         880         161
         881         223
         882         224
         883         103
         884         104
         885         160
         886         162
         887         224
         888         225
         889         104
         890         105
         891         161
         892         163
         893         225
         894         226
         895         105
         896         106
         897         162
         898         164
         899         226
         900         227
         901         106
         902         107
         903         163
         904         165
         905         227
         906         228
         907         107
         908         108
         909         164
         910         166
         911         228
         912         229
         913         108
         914         109
         915         165
         916         167
         917         229
         918         230
         919         109
         920         110
         921         166
         922         168
         923         230
         924         231
         925         110
         926         111
         927         167
         928         169
         929         231
         930         232
         931         111
         932         112
         933         168
         934         170
         935         232
         936         233
         937         112
         938         169
         939         171
         940         233
         941         234
         942         235
         943         112
         944         113
         945         170
         946         172
         947         235
         948         236
         949         113
         950         114
         951         171
         952         173
         953         236
         954         237
         955         114
         956         115
         957         172
         958         174
         959         237
         960         238
         961         115
         962         116
         963         173
         964         175
         965         238
         966         239
         967         116
         968         117
         969         174
         970         176
         971         239
         972         240
         973         117
         974         118
         975         175
         976         177
         977         240
         978         241
         979         118
         980         119
         981         176
         982         178
         983         241
         984         242
         985         119
         986         120
         987         177
         988         179
         989         242
         990         243
         991         120
         992         121
         993         178
         994         180
         995         243
         996         244
         997         121
         998         179
         999         181
        1000         244
        1001         245
        1002         246
        1003         121
        1004         122
        1005         180
        1006         182
        1007         246
        1008         247
        1009         122
        1010         123
        1011         181
        1012         183
        1013         247
        1014         248
        1015         123
        1016         124
        1017         182
        1018         184
        1019         248
        1020         249
        1021         124
        1022         125
        1023         183
        1024         185
        1025         249
        1026         250
        1027         125
        1028         126
        1029         184
        1030         186
        1031         250
        1032         251
        1033         126
        1034         127
        1035         185
        1036         187
        1037         251
        1038         252
        1039         127
        1040         128
        1041         186
        1042         188
        1043         252
        1044         253
        1045         128
        1046         129
        1047         187
        1048         189
        1049         253
        1050         254
        1051         129
        1052         130
        1053         188
        1054         190
        1055         254
        1056         255
        1057         130
        1058         189
        1059         191
        1060         255
        1061         256
        1062         257
        1063         130
        1064         131
        1065         190
        1066         192
        1067         257
        1068         258
        1069         131
        1070         132
        1071         191
        1072         193
        1073         258
        1074         259
        1075         132
        1076         133
        1077         192
        1078         194
        1079         259
        1080         260
        1081         133
        1082         134
        1083         193
        1084         195
        1085         260
        1086         261
        1087         134
        1088         135
        1089         194
        1090         196
        1091         261
        1092         262
        1093         135
        1094         136
        1095         195
        1096         197
        1097         262
        1098         263
        1099         136
        1100         137
        1101         196
        1102         198
        1103         263
        1104         264
        1105         137
        1106         138
        1107         197
        1108         199
        1109         264
        1110         265
        1111         138
        1112         139
        1113         198
        1114         200
        1115         265
        1116         266
        1117         139
        1118         140
        1119         199
        1120         201
        1121         266
        1122         267
        1123         140
        1124         200
        1125         202
        1126         267
        1127         268
        1128         269
        1129         140
        1130         141
        1131         201
        1132         203
        1133         269
        1134         270
        1135         141
        1136         142
        1137         202
        1138         204
        1139         270
        1140         271
        1141         142
        1142         143
        1143         203
        1144         205
        1145         271
        1146         272
        1147         143
        1148         144
        1149         204
        1150         206
        1151         272
        1152         273
        1153         144
        1154         145
        1155         205
        1156         207
        1157         273
        1158         274
        1159         145
        1160         146
        1161         206
        1162         208
        1163         274
        1164         275
        1165         146
        1166         147
        1167         207
        1168         209
        1169         275
        1170         276
        1171         147
        1172         148
        1173         208
        1174         210
        1175         276
        1176         277
        1177          93
        1178         148
        1179         149
        1180         209
        1181         277
        1182         278
        1183         149
        1184         212
        1185         278
        1186         279
        1187         280
        1188         352
        1189         149
        1190         150
        1191         211
        1192         213
        1193         280
        1194         281
        1195         150
        1196         151
        1197         212
        1198         214
        1199         281
        1200         282
        1201         151
        1202         152
        1203         213
        1204         215
        1205         282
        1206         283
        1207         152
        1208         153
        1209         214
        1210         216
        1211         283
        1212         284
        1213         153
        1214         154
        1215         215
        1216         217
        1217         284
        1218         285
        1219         154
        1220         155
        1221         216
        1222         218
        1223         285
        1224         286
        1225         155
        1226         156
        1227         217
        1228         219
        1229         286
        1230         287
        1231         156
        1232         157
        1233         218
        1234         220
        1235         287
        1236         288
        1237         157
        1238         158
        1239         219
        1240         221
        1241         288
        1242         289
        1243         158
        1244         159
        1245         220
        1246         222
        1247         289
        1248         290
        1249         159
        1250         221
        1251         223
        1252         290
        1253         291
        1254         292
        1255         159
        1256         160
        1257         222
        1258         224
        1259         292
        1260         293
        1261         160
        1262         161
        1263         223
        1264         225
        1265         293
        1266         294
        1267         161
        1268         162
        1269         224
        1270         226
        1271         294
        1272         295
        1273         162
        1274         163
        1275         225
        1276         227
        1277         295
        1278         296
        1279         163
        1280         164
        1281         226
        1282         228
        1283         296
        1284         297
        1285         164
        1286         165
        1287         227
        1288         229
        1289         297
        1290         298
        1291         165
        1292         166
        1293         228
        1294         230
        1295         298
        1296         299
        1297         166
        1298         167
        1299         229
        1300         231
        1301         299
        1302         300
        1303         167
        1304         168
        1305         230
        1306         232
        1307         300
        1308         301
        1309         168
        1310         169
        1311         231
        1312         233
        1313         301
        1314         302
        1315         169
        1316         170
        1317         232
        1318         234
        1319         302
        1320         303
        1321         170
        1322         233
        1323         235
        1324         303
        1325         304
        1326         305
        1327         170
        1328         171
        1329         234
        1330         236
        1331         305
        1332         306
        1333         171
        1334         172
        1335         235
        1336         237
        1337         306
        1338         307
        1339         172
        1340         173
        1341         236
        1342         238
        1343         307
        1344         308
        1345         173
        1346         174
        1347         237
        1348         239
        1349         308
        1350         309
        1351         174
        1352         175
        1353         238
        1354         240
        1355         309
        1356         310
        1357         175
        1358         176
        1359         239
        1360         241
        1361         310
        1362         311
        1363         176
        1364         177
        1365         240
        1366         242
        1367         311
        1368         312
        1369         177
        1370         178
        1371         241
        1372         243
        1373         312
        1374         313
        1375         178
        1376         179
        1377         242
        1378         244
        1379         313
        1380         314
        1381         179
        1382         180
        1383         243
        1384         245
        1385         314
        1386         315
        1387         180
        1388         244
        1389         246
        1390         315
        1391         316
        1392         317
        1393         180
        1394         181
        1395         245
        1396         247
        1397         317
        1398         318
        1399         181
        1400         182
        1401         246
        1402         248
        1403         318
        1404         319
        1405         182
        1406         183
        1407         247
        1408         249
        1409         319
        1410         320
        1411         183
        1412         184
        1413         248
        1414         250
        1415         320
        1416         321
        1417         184
        1418         185
        1419         249
        1420         251
        1421         321
        1422         322
        1423         185
        1424         186
        1425         250
        1426         252
        1427         322
        1428         323
        1429         186
        1430         187
        1431         251
        1432         253
        1433         323
        1434         324
        1435         187
        1436         188
        1437         252
        1438         254
        1439         324
        1440         325
        1441         188
        1442         189
        1443         253
        1444         255
        1445         325
        1446         326
        1447         189
        1448         190
        1449         254
        1450         256
        1451         326
        1452         327
        1453         190
        1454         255
        1455         257
        1456         327
        1457         328
        1458         329
        1459         190
        1460         191
        1461         256
        1462         258
        1463         329
        1464         330
        1465         191
        1466         192
        1467         257
        1468         259
        1469         330
        1470         331
        1471         192
        1472         193
        1473         258
        1474         260
        1475         331
        1476         332
        1477         193
        1478         194
        1479         259
        1480         261
        1481         332
        1482         333
        1483         194
        1484         195
        1485         260
        1486         262
        1487         333
        1488         334
        1489         195
        1490         196
        1491         261
        1492         263
        1493         334
        1494         335
        1495         196
        1496         197
        1497         262
        1498         264
        1499         335
        1500         336
        1501         197
        1502         198
        1503         263
        1504         265
        1505         336
        1506         337
        1507         198
        1508         199
        1509         264
        1510         266
        1511         337
        1512         338
        1513         199
        1514         200
        1515         265
        1516         267
        1517         338
        1518         339
        1519         200
        1520         201
        1521         266
        1522         268
        1523         339
        1524         340
        1525         201
        1526         267
        1527         269
        1528         340
        1529         341
        1530         342
        1531         201
        1532         202
        1533         268
        1534         270
        1535         342
        1536         343
        1537         202
        1538         203
        1539         269
        1540         271
        1541         343
        1542         344
        1543         203
        1544         204
        1545         270
        1546         272
        1547         344
        1548         345
        1549         204
        1550         205
        1551         271
        1552         273
        1553         345
        1554         346
        1555         205
        1556         206
        1557         272
        1558         274
        1559         346
        1560         347
        1561         206
        1562         207
        1563         273
        1564         275
        1565         347
        1566         348
        1567         207
        1568         208
        1569         274
        1570         276
        1571         348
        1572         349
        1573         208
        1574         209
        1575         275
        1576         277
        1577         349
        1578         350
        1579         209
        1580         210
        1581         276
        1582         278
        1583         350
        1584         351
        1585         149
        1586         210
        1587         211
        1588         277
        1589         351
        1590         352
        1591         211
        1592         280
        1593         352
        1594         353
        1595         354
        1596         432
        1597         211
        1598         212
        1599         279
        1600         281
        1601         354
        1602         355
        1603         212
        1604         213
        1605         280
        1606         282
        1607         355
        1608         356
        1609         213
        1610         214
        1611         281
        1612         283
        1613         356
        1614         357
        1615         214
        1616         215
        1617         282
        1618         284
        1619         357
        1620         358
        1621         215
        1622         216
        1623         283
        1624         285
        1625         358
        1626         359
        1627         216
        1628         217
        1629         284
        1630         286
        1631         359
        1632         360
        1633         217
        1634         218
        1635         285
        1636         287
        1637         360
        1638         361
        1639         218
        1640         219
        1641         286
        1642         288
        1643         361
        1644         362
        1645         219
        1646         220
        1647         287
        1648         289
        1649         362
        1650         363
        1651         220
        1652         221
        1653         288
        1654         290
        1655         363
        1656         364
        1657         221
        1658         222
        1659         289
        1660         291
        1661         364
        1662         365
        1663         222
        1664         290
        1665         292
        1666         365
        1667         366
        1668         367
        1669         222
        1670         223
        1671         291
        1672         293
        1673         367
        1674         368
        1675         223
        1676         224
        1677         292
        1678         294
        1679         368
        1680         369
        1681         224
        1682         225
        1683         293
        1684         295
        1685         369
        1686         370
        1687         225
        1688         226
        1689         294
        1690         296
        1691         370
        1692         371
        1693         226
        1694         227
        1695         295
        1696         297
        1697         371
        1698         372
        1699         227
        1700         228
        1701         296
        1702         298
        1703         372
        1704         373
        1705         228
        1706         229
        1707         297
        1708         299
        1709         373
        1710         374
        1711         229
        1712         230
        1713         298
        1714         300
        1715         374
        1716         375
        1717         230
        1718         231
        1719         299
        1720         301
        1721         375
        1722         376
        1723         231
        1724         232
        1725         300
        1726         302
        1727         376
        1728         377
        1729         232
        1730         233
        1731         301
        1732         303
        1733         377
        1734         378
        1735         233
        1736         234
        1737         302
        1738         304
        1739         378
        1740         379
        1741         234
        1742         303
        1743         305
        1744         379
        1745         380
        1746         381
        1747         234
        1748         235
        1749         304
        1750         306
        1751         381
        1752         382
        1753         235
        1754         236
        1755         305
        1756         307
        1757         382
        1758         383
        1759         236
        1760         237
        1761         306
        1762         308
        1763         383
        1764         384
        1765         237
        1766         238
        1767         307
        1768         309
        1769         384
        1770         385
        1771         238
        1772         239
        1773         308
        1774         310
        1775         385
        1776         386
        1777         239
        1778         240
        1779         309
        1780         311
        1781         386
        1782         387
        1783         240
        1784         241
        1785         310
        1786         312
        1787         387
        1788         388
        1789         241
        1790         242
        1791         311
        1792         313
        1793         388
        1794         389
        1795         242
        1796         243
        1797         312
        1798         314
        1799         389
        1800         390
        1801         243
        1802         244
        1803         313
        1804         315
        1805         390
        1806         391
        1807         244
        1808         245
        1809         314
        1810         316
        1811         391
        1812         392
        1813         245
        1814         315
        1815         317
        1816         392
        1817         393
        1818         394
        1819         245
        1820         246
        1821         316
        1822         318
        1823         394
        1824         395
        1825         246
        1826         247
        1827         317
        1828         319
        1829         395
        1830         396
        1831         247
        1832         248
        1833         318
        1834         320
        1835         396
        1836         397
        1837         248
        1838         249
        1839         319
        1840         321
        1841         397
        1842         398
        1843         249
        1844         250
        1845         320
        1846         322
        1847         398
        1848         399
        1849         250
        1850         251
        1851         321
        1852         323
        1853         399
        1854         400
        1855         251
        1856         252
        1857         322
        1858         324
        1859         400
        1860         401
        1861         252
        1862         253
        1863         323
        1864         325
        1865         401
        1866         402
        1867         253
        1868         254
        1869         324
        1870         326
        1871         402
        1872         403
        1873         254
        1874         255
        1875         325
        1876         327
        1877         403
        1878         404
        1879         255
        1880         256
        1881         326
        1882         328
        1883         404
        1884         405
        1885         256
        1886         327
        1887         329
        1888         405
        1889         406
        1890         407
        1891         256
        1892         257
        1893         328
        1894         330
        1895         407
        1896         408
        1897         257
        1898         258
        1899         329
        1900         331
        1901         408
        1902         409
        1903         258
        1904         259
        1905         330
        1906         332
        1907         409
        1908         410
        1909         259
        1910         260
        1911         331
        1912         333
        1913         410
        1914         411
        1915         260
        1916         261
        1917         332
        1918         334
        1919         411
        1920         412
        1921         261
        1922         262
        1923         333
        1924         335
        1925         412
        1926         413
        1927         262
        1928         263
        1929         334
        1930         336
        1931         413
        1932         414
        1933         263
        1934         264
        1935         335
        1936         337
        1937         414
        1938         415
        1939         264
        1940         265
        1941         336
        1942         338
        1943         415
        1944         416
        1945         265
        1946         266
        1947         337
        1948         339
        1949         416
        1950         417
        1951         266
        1952         267
        1953         338
        1954         340
        1955         417
        1956         418
        1957         267
        1958         268
        1959         339
        1960         341
        1961         418
        1962         419
        1963         268
        1964         340
        1965         342
        1966         419
        1967         420
        1968         421
        1969         268
        1970         269
        1971         341
        1972         343
        1973         421
        1974         422
        1975         269
        1976         270
        1977         342
        1978         344
        1979         422
        1980         423
        1981         270
        1982         271
        1983         343
        1984         345
        1985         423
        1986         424
        1987         271
        1988         272
        1989         344
        1990         346
        1991         424
        1992         425
        1993         272
        1994         273
        1995         345
        1996         347
        1997         425
        1998         426
        1999         273
        2000         274
        2001         346
        2002         348
        2003         426
        2004         427
        2005         274
        2006         275
        2007         347
        2008         349
        2009         427
        2010         428
        2011         275
        2012         276
        2013         348
        2014         350
        2015         428
        2016         429
        2017         276
        2018         277
        2019         349
        2020         351
        2021         429
        2022         430
        2023         277
        2024         278
        2025         350
        2026         352
        2027         430
        2028         431
        2029         211
        2030         278
        2031         279
        2032         351
        2033         431
        2034         432
        2035         279
        2036         354
        2037         432
        2038         433
        2039         434
        2040         518
        2041         279
        2042         280
        2043         353
        2044         355
        2045         434
        2046         435
        2047         280
        2048         281
        2049         354
        2050         356
        2051         435
        2052         436
        2053         281
        2054         282
        2055         355
        2056         357
        2057         436
        2058         437
        2059         282
        2060         283
        2061         356
        2062         358
        2063         437
        2064         438
        2065         283
        2066         284
        2067         357
        2068         359
        2069         438
        2070         439
        2071         284
        2072         285
        2073         358
        2074         360
        2075         439
        2076         440
        2077         285
        2078         286
        2079         359
        2080         361
        2081         440
        2082         441
        2083         286
        2084         287
        2085         360
        2086         362
        2087         441
        2088         442
        2089         287
        2090         288
        2091         361
        2092         363
        2093         442
        2094         443
        2095         288
        2096         289
        2097         362
        2098         364
        2099         443
        2100         444
        2101         289
        2102         290
        2103         363
        2104         365
        2105         444
        2106         445
        2107         290
        2108         291
        2109         364
        2110         366
        2111         445
        2112         446
        2113         291
        2114         365
        2115         367
        2116         446
        2117         447
        2118         448
        2119         291
        2120         292
        2121         366
        2122         368
        2123         448
        2124         449
        2125         292
        2126         293
        2127         367
        2128         369
        2129         449
        2130         450
        2131         293
        2132         294
        2133         368
        2134         370
        2135         450
        2136         451
        2137         294
        2138         295
        2139         369
        2140         371
        2141         451
        2142         452
        2143         295
        2144         296
        2145         370
        2146         372
        2147         452
        2148         453
        2149         296
        2150         297
        2151         371
        2152         373
        2153         453
        2154         454
        2155         297
        2156         298
        2157         372
        2158         374
        2159         454
        2160         455
        2161         298
        2162         299
        2163         373
        2164         375
        2165         455
        2166         456
        2167         299
        2168         300
        2169         374
        2170         376
        2171         456
        2172         457
        2173         300
        2174         301
        2175         375
        2176         377
        2177         457
        2178         458
        2179         301
        2180         302
        2181         376
        2182         378
        2183         458
        2184         459
        2185         302
        2186         303
        2187         377
        2188         379
        2189         459
        2190         460
        2191         303
        2192         304
        2193         378
        2194         380
        2195         460
        2196         461
        2197         304
        2198         379
        2199         381
        2200         461
        2201         462
        2202         463
        2203         304
        2204         305
        2205         380
        2206         382
        2207         463
        2208         464
        2209         305
        2210         306
        2211         381
        2212         383
        2213         464
        2214         465
        2215         306
        2216         307
        2217         382
        2218         384
        2219         465
        2220         466
        2221         307
        2222         308
        2223         383
        2224         385
        2225         466
        2226         467
        2227         308
        2228         309
        2229         384
        2230         386
        2231         467
        2232         468
        2233         309
        2234         310
        2235         385
        2236         387
        2237         468
        2238         469
        2239         310
        2240         311
        2241         386
        2242         388
        2243         469
        2244         470
        2245         311
        2246         312
        2247         387
        2248         389
        2249         470
        2250         471
        2251         312
        2252         313
        2253         388
        2254         390
        2255         471
        2256         472
        2257         313
        2258         314
        2259         389
        2260         391
        2261         472
        2262         473
        2263         314
        2264         315
        2265         390
        2266         392
        2267         473
        2268         474
        2269         315
        2270         316
        2271         391
        2272         393
        2273         474
        2274         475
        2275         316
        2276         392
        2277         394
        2278         475
        2279         476
        2280         477
        2281         316
        2282         317
        2283         393
        2284         395
        2285         477
        2286         478
        2287         317
        2288         318
        2289         394
        2290         396
        2291         478
        2292         479
        2293         318
        2294         319
        2295         395
        2296         397
        2297         479
        2298         480
        2299         319
        2300         320
        2301         396
        2302         398
        2303         480
        2304         481
        2305         320
        2306         321
        2307         397
        2308         399
        2309         481
        2310         482
        2311         321
        2312         322
        2313         398
        2314         400
        2315         482
        2316         483
        2317         322
        2318         323
        2319         399
        2320         401
        2321         483
        2322         484
        2323         323
        2324         324
        2325         400
        2326         402
        2327         484
        2328         485
        2329         324
        2330         325
        2331         401
        2332         403
        2333         485
        2334         486
        2335         325
        2336         326
        2337         402
        2338         404
        2339         486
        2340         487
        2341         326
        2342         327
        2343         403
        2344         405
        2345         487
        2346         488
        2347         327
        2348         328
        2349         404
        2350         406
        2351         488
        2352         489
        2353         328
        2354         405
        2355         407
        2356         489
        2357         490
        2358         491
        2359         328
        2360         329
        2361         406
        2362         408
        2363         491
        2364         492
        2365         329
        2366         330
        2367         407
        2368         409
        2369         492
        2370         493
        2371         330
        2372         331
        2373         408
        2374         410
        2375         493
        2376         494
        2377         331
        2378         332
        2379         409
        2380         411
        2381         494
        2382         495
        2383         332
        2384         333
        2385         410
        2386         412
        2387         495
        2388         496
        2389         333
        2390         334
        2391         411
        2392         413
        2393         496
        2394         497
        2395         334
        2396         335
        2397         412
        2398         414
        2399         497
        2400         498
        2401         335
        2402         336
        2403         413
        2404         415
        2405         498
        2406         499
        2407         336
        2408         337
        2409         414
        2410         416
        2411         499
        2412         500
        2413         337
        2414         338
        2415         415
        2416         417
        2417         500
        2418         501
        2419         338
        2420         339
        2421         416
        2422         418
        2423         501
        2424         502
        2425         339
        2426         340
        2427         417
        2428         419
        2429         502
        2430         503
        2431         340
        2432         341
        2433         418
        2434         420
        2435         503
        2436         504
        2437         341
        2438         419
        2439         421
        2440         504
        2441         505
        2442         506
        2443         341
        2444         342
        2445         420
        2446         422
        2447         506
        2448         507
        2449         342
        2450         343
        2451         421
        2452         423
        2453         507
        2454         508
        2455         343
        2456         344
        2457         422
        2458         424
        2459         508
        2460         509
        2461         344
        2462         345
        2463         423
        2464         425
        2465         509
        2466         510
        2467         345
        2468         346
        2469         424
        2470         426
        2471         510
        2472         511
        2473         346
        2474         347
        2475         425
        2476         427
        2477         511
        2478         512
        2479         347
        2480         348
        2481         426
        2482         428
        2483         512
        2484         513
        2485         348
        2486         349
        2487         427
        2488         429
        2489         513
        2490         514
        2491         349
        2492         350
        2493         428
        2494         430
        2495         514
        2496         515
        2497         350
        2498         351
        2499         429
        2500         431
        2501         515
        2502         516
        2503         351
        2504         352
        2505         430
        2506         432
        2507         516
        2508         517
        2509         279
        2510         352
        2511         353
        2512         431
        2513         517
        2514         518
        2515         353
        2516         434
        2517         518
        2518         353
        2519         354
        2520         433
        2521         435
        2522         354
        2523         355
        2524         434
        2525         436
        2526         355
        2527         356
        2528         435
        2529         437
        2530         356
        2531         357
        2532         436
        2533         438
        2534         357
        2535         358
        2536         437
        2537         439
        2538         358
        2539         359
        2540         438
        2541         440
        2542         359
        2543         360
        2544         439
        2545         441
        2546         360
        2547         361
        2548         440
        2549         442
        2550         361
        2551         362
        2552         441
        2553         443
        2554         362
        2555         363
        2556         442
        2557         444
        2558         363
        2559         364
        2560         443
        2561         445
        2562         364
        2563         365
        2564         444
        2565         446
        2566         365
        2567         366
        2568         445
        2569         447
        2570         366
        2571         446
        2572         448
        2573         366
        2574         367
        2575         447
        2576         449
        2577         367
        2578         368
        2579         448
        2580         450
        2581         368
        2582         369
        2583         449
        2584         451
        2585         369
        2586         370
        2587         450
        2588         452
        2589         370
        2590         371
        2591         451
        2592         453
        2593         371
        2594         372
        2595         452
        2596         454
        2597         372
        2598         373
        2599         453
        2600         455
        2601         373
        2602         374
        2603         454
        2604         456
        2605         374
        2606         375
        2607         455
        2608         457
        2609         375
        2610         376
        2611         456
        2612         458
        2613         376
        2614         377
        2615         457
        2616         459
        2617         377
        2618         378
        2619         458
        2620         460
        2621         378
        2622         379
        2623         459
        2624         461
        2625         379
        2626         380
        2627         460
        2628         462
        2629         380
        2630         461
        2631         463
        2632         380
        2633         381
        2634         462
        2635         464
        2636         381
        2637         382
        2638         463
        2639         465
        2640         382
        2641         383
        2642         464
        2643         466
        2644         383
        2645         384
        2646         465
        2647         467
        2648         384
        2649         385
        2650         466
        2651         468
        2652         385
        2653         386
        2654         467
        2655         469
        2656         386
        2657         387
        2658         468
        2659         470
        2660         387
        2661         388
        2662         469
        2663         471
        2664         388
        2665         389
        2666         470
        2667         472
        2668         389
        2669         390
        2670         471
        2671         473
        2672         390
        2673         391
        2674         472
        2675         474
        2676         391
        2677         392
        2678         473
        2679         475
        2680         392
        2681         393
        2682         474
        2683         476
        2684         393
        2685         475
        2686         477
        2687         393
        2688         394
        2689         476
        2690         478
        2691         394
        2692         395
        2693         477
        2694         479
        2695         395
        2696         396
        2697         478
        2698         480
        2699         396
        2700         397
        2701         479
        2702         481
        2703         397
        2704         398
        2705         480
        2706         482
        2707         398
        2708         399
        2709         481
        2710         483
        2711         399
        2712         400
        2713         482
        2714         484
        2715         400
        2716         401
        2717         483
        2718         485
        2719         401
        2720         402
        2721         484
        2722         486
        2723         402
        2724         403
        2725         485
        2726         487
        2727         403
        2728         404
        2729         486
        2730         488
        2731         404
        2732         405
        2733         487
        2734         489
        2735         405
        2736         406
        2737         488
        2738         490
        2739         406
        2740         489
        2741         491
        2742         406
        2743         407
        2744         490
        2745         492
        2746         407
        2747         408
        2748         491
        2749         493
        2750         408
        2751         409
        2752         492
        2753         494
        2754         409
        2755         410
        2756         493
        2757         495
        2758         410
        2759         411
        2760         494
        2761         496
        2762         411
        2763         412
        2764         495
        2765         497
        2766         412
        2767         413
        2768         496
        2769         498
        2770         413
        2771         414
        2772         497
        2773         499
        2774         414
        2775         415
        2776         498
        2777         500
        2778         415
        2779         416
        2780         499
        2781         501
        2782         416
        2783         417
        2784         500
        2785         502
        2786         417
        2787         418
        2788         501
        2789         503
        2790         418
        2791         419
        2792         502
        2793         504
        2794         419
        2795         420
        2796         503
        2797         505
        2798         420
        2799         504
        2800         506
        2801         420
        2802         421
        2803         505
        2804         507
        2805         421
        2806         422
        2807         506
        2808         508
        2809         422
        2810         423
        2811         507
        2812         509
        2813         423
        2814         424
        2815         508
        2816         510
        2817         424
        2818         425
        2819         509
        2820         511
        2821         425
        2822         426
        2823         510
        2824         512
        2825         426
        2826         427
        2827         511
        2828         513
        2829         427
        2830         428
        2831         512
        2832         514
        2833         428
        2834         429
        2835         513
        2836         515
        2837         429
        2838         430
        2839         514
        2840         516
        2841         430
        2842         431
        2843         515
        2844         517
        2845         431
        2846         432
        2847         516
        2848         518
        2849         353
        2850         432
        2851         433
        2852         517
        2853           0
 END_COLUMNS
 COUNTER (ICX)
           1           5
           2           4
           3           4
           4           4
           5           4
           6           5
           7           4
           8           4
           9           4
          10           4
          11           4
          12           5
          13           4
          14           4
          15           4
          16           4
          17           5
          18           4
          19           4
          20           4
          21           4
          22           5
          23           4
          24           4
          25           4
          26           4
          27           5
          28           4
          29           4
          30           4
          31           4
          32           5
          33           4
          34           4
          35           4
          36           4
          37           4
          38           5
          39           4
          40           4
          41           4
          42           4
          43           6
          44           6
          45           6
          46           6
          47           6
          48           6
          49           5
          50           6
          51           7
          52           6
          53           6
          54           6
          55           6
          56           5
          57           6
          58           6
          59           6
          60           7
          61           6
          62           5
          63           6
          64           6
          65           6
          66           6
          67           6
          68           6
          69           6
          70           6
          71           6
          72           6
          73           6
          74           5
          75           6
          76           7
          77           6
          78           6
          79           6
          80           5
          81           6
          82           6
          83           6
          84           6
          85           7
          86           6
          87           5
          88           6
          89           6
          90           6
          91           6
          92           6
          93           6
          94           6
          95           6
          96           6
          97           6
          98           6
          99           6
         100           6
         101           6
         102           6
         103           6
         104           6
         105           6
         106           6
         107           6
         108           6
         109           6
         110           6
         111           6
         112           6
         113           6
         114           6
         115           6
         116           6
         117           6
         118           6
         119           6
         120           6
         121           6
         122           6
         123           6
         124           6
         125           6
         126           6
         127           6
         128           6
         129           6
         130           6
         131           6
         132           6
         133           6
         134           6
         135           6
         136           6
         137           6
         138           6
         139           6
         140           6
         141           6
         142           6
         143           6
         144           6
         145           6
         146           6
         147           6
         148           6
         149           6
         150           6
         151           6
         152           6
         153           6
         154           6
         155           6
         156           6
         157           6
         158           6
         159           6
         160           6
         161           6
         162           6
         163           6
         164           6
         165           6
         166           6
         167           6
         168           6
         169           6
         170           6
         171           6
         172           6
         173           6
         174           6
         175           6
         176           6
         177           6
         178           6
         179           6
         180           6
         181           6
         182           6
         183           6
         184           6
         185           6
         186           6
         187           6
         188           6
         189           6
         190           6
         191           6
         192           6
         193           6
         194           6
         195           6
         196           6
         197           6
         198           6
         199           6
         200           6
         201           6
         202           6
         203           6
         204           6
         205           6
         206           6
         207           6
         208           6
         209           6
         210           6
         211           6
         212           6
         213           6
         214           6
         215           6
         216           6
         217           6
         218           6
         219           6
         220           6
         221           6
         222           6
         223           6
         224           6
         225           6
         226           6
         227           6
         228           6
         229           6
         230           6
         231           6
         232           6
         233           6
         234           6
         235           6
         236           6
         237           6
         238           6
         239           6
         240           6
         241           6
         242           6
         243           6
         244           6
         245           6
         246           6
         247           6
         248           6
         249           6
         250           6
         251           6
         252           6
         253           6
         254           6
         255           6
         256           6
         257           6
         258           6
         259           6
         260           6
         261           6
         262           6
         263           6
         264           6
         265           6
         266           6
         267           6
         268           6
         269           6
         270           6
         271           6
         272           6
         273           6
         274           6
         275           6
         276           6
         277           6
         278           6
         279           6
         280           6
         281           6
         282           6
         283           6
         284           6
         285           6
         286           6
         287           6
         288           6
         289           6
         290           6
         291           6
         292           6
         293           6
         294           6
         295           6
         296           6
         297           6
         298           6
         299           6
         300           6
         301           6
         302           6
         303           6
         304           6
         305           6
         306           6
         307           6
         308           6
         309           6
         310           6
         311           6
         312           6
         313           6
         314           6
         315           6
         316           6
         317           6
         318           6
         319           6
         320           6
         321           6
         322           6
         323           6
         324           6
         325           6
         326           6
         327           6
         328           6
         329           6
         330           6
         331           6
         332           6
         333           6
         334           6
         335           6
         336           6
         337           6
         338           6
         339           6
         340           6
         341           6
         342           6
         343           6
         344           6
         345           6
         346           6
         347           6
         348           6
         349           6
         350           6
         351           6
         352           6
         353           6
         354           6
         355           6
         356           6
         357           6
         358           6
         359           6
         360           6
         361           6
         362           6
         363           6
         364           6
         365           6
         366           6
         367           6
         368           6
         369           6
         370           6
         371           6
         372           6
         373           6
         374           6
         375           6
         376           6
         377           6
         378           6
         379           6
         380           6
         381           6
         382           6
         383           6
         384           6
         385           6
         386           6
         387           6
         388           6
         389           6
         390           6
         391           6
         392           6
         393           6
         394           6
         395           6
         396           6
         397           6
         398           6
         399           6
         400           6
         401           6
         402           6
         403           6
         404           6
         405           6
         406           6
         407           6
         408           6
         409           6
         410           6
         411           6
         412           6
         413           6
         414           6
         415           6
         416           6
         417           6
         418           6
         419           6
         420           6
         421           6
         422           6
         423           6
         424           6
         425           6
         426           6
         427           6
         428           6
         429           6
         430           6
         431           6
         432           6
         433           3
         434           4
         435           4
         436           4
         437           4
         438           4
         439           4
         440           4
         441           4
         442           4
         443           4
         444           4
         445           4
         446           4
         447           3
         448           4
         449           4
         450           4
         451           4
         452           4
         453           4
         454           4
         455           4
         456           4
         457           4
         458           4
         459           4
         460           4
         461           4
         462           3
         463           4
         464           4
         465           4
         466           4
         467           4
         468           4
         469           4
         470           4
         471           4
         472           4
         473           4
         474           4
         475           4
         476           3
         477           4
         478           4
         479           4
         480           4
         481           4
         482           4
         483           4
         484           4
         485           4
         486           4
         487           4
         488           4
         489           4
         490           3
         491           4
         492           4
         493           4
         494           4
         495           4
         496           4
         497           4
         498           4
         499           4
         500           4
         501           4
         502           4
         503           4
         504           4
         505           3
         506           4
         507           4
         508           4
         509           4
         510           4
         511           4
         512           4
         513           4
         514           4
         515           4
         516           4
         517           4
         518           4
         519           0
 END_COUNTER
