  NODES_PER_ELEMENT
   1 3
   2 3
   3 3
   4 3
   5 3
   6 3
   7 3
   8 3
   9 3
   10 3
   11 3
   12 3
   13 3
   14 3
   15 3
   16 3
   17 3
   18 3
   19 3
   20 3
   21 3
   22 3
   23 3
   24 3
   25 3
   26 3
   27 3
   28 3
   29 3
   30 3
   31 3
   32 3
   33 3
   34 3
   35 3
   36 3
   37 3
   38 3
   39 3
   40 3
   41 3
   42 3
   43 3
   44 3
   45 3
   46 3
   47 3
   48 3
   49 3
   50 3
   51 3
   52 3
   53 3
   54 3
   55 3
   56 3
   57 3
   58 3
   59 3
   60 3
   61 3
   62 3
   63 3
   64 3
   65 3
   66 3
   67 3
   68 3
   69 3
   70 3
   71 3
   72 3
   73 3
   74 3
   75 3
   76 3
   77 3
   78 3
   79 3
   80 3
   81 3
   82 3
   83 3
   84 3
   85 3
   86 3
   87 3
   88 3
   89 3
   90 3
   91 3
   92 3
   93 3
   94 3
   95 3
   96 3
   97 3
   98 3
   99 3
   100 3
   101 3
   102 3
   103 3
   104 3
   105 3
   106 3
   107 3
   108 3
   109 3
   110 3
   111 3
   112 3
   113 3
   114 3
   115 3
   116 3
   117 3
   118 3
   119 3
   120 3
   121 3
   122 3
   123 3
   124 3
   125 3
   126 3
   127 3
   128 3
   129 3
   130 3
   131 3
   132 3
   133 3
   134 3
   135 3
   136 3
   137 3
   138 3
   139 3
   140 3
   141 3
   142 3
   143 3
   144 3
   145 3
   146 3
   147 3
   148 3
   149 3
   150 3
   151 3
   152 3
   153 3
   154 3
   155 3
   156 3
   157 3
   158 3
   159 3
   160 3
   161 3
   162 3
   163 3
   164 3
   165 3
   166 3
   167 3
   168 3
   169 3
   170 3
   171 3
   172 3
   173 3
   174 3
   175 3
   176 3
   177 3
   178 3
   179 3
   180 3
   181 3
   182 3
   183 3
   184 3
   185 3
   186 3
   187 3
   188 3
   189 3
   190 3
   191 3
   192 3
   193 3
   194 3
   195 3
   196 3
   197 3
   198 3
   199 3
   200 3
   201 3
   202 3
   203 3
   204 3
   205 3
   206 3
   207 3
   208 3
   209 3
   210 3
   211 3
   212 3
   213 3
   214 3
   215 3
   216 3
   217 3
   218 3
   219 3
   220 3
   221 3
   222 3
   223 3
   224 3
   225 3
   226 3
   227 3
   228 3
   229 3
   230 3
   231 3
   232 3
   233 3
   234 3
   235 3
   236 3
   237 3
   238 3
   239 3
   240 3
   241 3
   242 3
   243 3
   244 3
   245 3
   246 3
   247 3
   248 3
   249 3
   250 3
   251 3
   252 3
   253 3
   254 3
   255 3
   256 3
   257 3
   258 3
   259 3
   260 3
   261 3
   262 3
   263 3
   264 3
   265 3
   266 3
   267 3
   268 3
   269 3
   270 3
   271 3
   272 3
   273 3
   274 3
   275 3
   276 3
   277 3
   278 3
   279 3
   280 3
   281 3
   282 3
   283 3
   284 3
   285 3
   286 3
   287 3
   288 3
   289 3
   290 3
   291 3
   292 3
   293 3
   294 3
   295 3
   296 3
   297 3
   298 3
   299 3
   300 3
   301 3
   302 3
   303 3
   304 3
   305 3
   306 3
   307 3
   308 3
   309 3
   310 3
   311 3
   312 3
   313 3
   314 3
   315 3
   316 3
   317 3
   318 3
   319 3
   320 3
   321 3
   322 3
   323 3
   324 3
   325 3
   326 3
   327 3
   328 3
   329 3
   330 3
   331 3
   332 3
   333 3
   334 3
   335 3
   336 3
   337 3
   338 3
   339 3
   340 3
   341 3
   342 3
   343 3
   344 3
   345 3
   346 3
   347 3
   348 3
   349 3
   350 3
   351 3
   352 3
   353 3
   354 3
   355 3
   356 3
   357 3
   358 3
   359 3
   360 3
   361 3
   362 3
   363 3
   364 3
   365 3
   366 3
   367 3
   368 3
   369 3
   370 3
   371 3
   372 3
   373 3
   374 3
   375 3
   376 3
   377 3
   378 3
   379 3
   380 3
   381 3
   382 3
   383 3
   384 3
   385 3
   386 3
   387 3
   388 3
   389 3
   390 3
   391 3
   392 3
   393 3
   394 3
   395 3
   396 3
   397 3
   398 3
   399 3
   400 3
   401 3
   402 3
   403 3
   404 3
   405 3
   406 3
   407 3
   408 3
   409 3
   410 3
   411 3
   412 3
   413 3
   414 3
   415 3
   416 3
   417 3
   418 3
   419 3
   420 3
   421 3
   422 3
   423 3
   424 3
   425 3
   426 3
   427 3
   428 3
   429 3
   430 3
   431 3
   432 3
   433 3
   434 3
   435 3
   436 3
   437 3
   438 3
   439 3
   440 3
   441 3
   442 3
   443 3
   444 3
   445 3
   446 3
   447 3
   448 3
   449 3
   450 3
   451 3
   452 3
   453 3
   454 3
   455 3
   456 3
   457 3
   458 3
   459 3
   460 3
   461 3
   462 3
   463 3
   464 3
   465 3
   466 3
   467 3
   468 3
   469 3
   470 3
   471 3
   472 3
   473 3
   474 3
   475 3
   476 3
   477 3
   478 3
   479 3
   480 3
   481 3
   482 3
   483 3
   484 3
   485 3
   486 3
   487 3
   488 3
   489 3
   490 3
   491 3
   492 3
   493 3
   494 3
   495 3
   496 3
   497 3
   498 3
   499 3
   500 3
   501 3
   502 3
   503 3
   504 3
   505 3
   506 3
   507 3
   508 3
   509 3
   510 3
   511 3
   512 3
   513 3
   514 3
   515 3
   516 3
   517 3
   518 3
   519 3
   520 3
   521 3
   522 3
   523 3
   524 3
   525 3
   526 3
   527 3
   528 3
   529 3
   530 3
   531 3
   532 3
   533 3
   534 3
   535 3
   536 3
   537 3
   538 3
   539 3
   540 3
   541 3
   542 3
   543 3
   544 3
   545 3
   546 3
   547 3
   548 3
   549 3
   550 3
   551 3
   552 3
   553 3
   554 3
   555 3
   556 3
   557 3
   558 3
   559 3
   560 3
   561 3
   562 3
   563 3
   564 3
   565 3
   566 3
   567 3
   568 3
   569 3
   570 3
   571 3
   572 3
   573 3
   574 3
   575 3
   576 3
   577 3
   578 3
   579 3
   580 3
   581 3
   582 3
   583 3
   584 3
   585 3
   586 3
   587 3
   588 3
   589 3
   590 3
   591 3
   592 3
   593 3
   594 3
   595 3
   596 3
   597 3
   598 3
   599 3
   600 3
   601 3
   602 3
   603 3
   604 3
   605 3
   606 3
   607 3
   608 3
   609 3
   610 3
   611 3
   612 3
   613 3
   614 3
   615 3
   616 3
   617 3
   618 3
   619 3
   620 3
   621 3
   622 3
   623 3
   624 3
   625 3
   626 3
   627 3
   628 3
   629 3
   630 3
   631 3
   632 3
   633 3
   634 3
   635 3
   636 3
   637 3
   638 3
   639 3
   640 3
   641 3
   642 3
   643 3
   644 3
   645 3
   646 3
   647 3
   648 3
   649 3
   650 3
   651 3
   652 3
   653 3
   654 3
   655 3
   656 3
   657 3
   658 3
   659 3
   660 3
   661 3
   662 3
   663 3
   664 3
   665 3
   666 3
   667 3
   668 3
   669 3
   670 3
   671 3
   672 3
   673 3
   674 3
   675 3
   676 3
   677 3
   678 3
   679 3
   680 3
   681 3
   682 3
   683 3
   684 3
   685 3
   686 3
   687 3
   688 3
   689 3
   690 3
   691 3
   692 3
   693 3
   694 3
   695 3
   696 3
   697 3
   698 3
   699 3
   700 3
   701 3
   702 3
   703 3
   704 3
   705 3
   706 3
   707 3
   708 3
   709 3
   710 3
   711 3
   712 3
   713 3
   714 3
   715 3
   716 3
   717 3
   718 3
   719 3
   720 3
   721 3
   722 3
   723 3
   724 3
   725 3
   726 3
   727 3
   728 3
   729 3
   730 3
   731 3
   732 3
   733 3
   734 3
   735 3
   736 3
   737 3
   738 3
   739 3
   740 3
   741 3
   742 3
   743 3
   744 3
   745 3
   746 3
   747 3
   748 3
   749 3
   750 3
   751 3
   752 3
   753 3
   754 3
   755 3
   756 3
   757 3
   758 3
   759 3
   760 3
   761 3
   762 3
   763 3
   764 3
   765 3
   766 3
   767 3
   768 3
   769 3
   770 3
   771 3
   772 3
   773 3
   774 3
   775 3
   776 3
   777 3
   778 3
   779 3
   780 3
   781 3
   782 3
   783 3
   784 3
   785 3
   786 3
   787 3
   788 3
   789 3
   790 3
   791 3
   792 3
   793 3
   794 3
   795 3
   796 3
   797 3
   798 3
   799 3
   800 3
   801 3
   802 3
   803 3
   804 3
   805 3
   806 3
   807 3
   808 3
   809 3
   810 3
   811 3
   812 3
   813 3
   814 3
   815 3
   816 3
   817 3
   818 3
   819 3
   820 3
   821 3
   822 3
   823 3
   824 3
   825 3
   826 3
   827 3
   828 3
   829 3
   830 3
   831 3
   832 3
   833 3
   834 3
   835 3
   836 3
   837 3
   838 3
   839 3
   840 3
   841 3
   842 3
   843 3
   844 3
   845 3
   846 3
   847 3
   848 3
   849 3
   850 3
   851 3
   852 3
   853 3
   854 3
   855 3
   856 3
   857 3
   858 3
   859 3
   860 3
   861 3
   862 3
   863 3
   864 3
   865 3
   866 3
   867 3
   868 3
   869 3
   870 3
   871 3
   872 3
   873 3
   874 3
   875 3
   876 3
   877 3
   878 3
   879 3
   880 3
   881 3
   882 3
   883 3
   884 3
   885 3
   886 3
   887 3
   888 3
   889 3
   890 3
   891 3
   892 3
   893 3
   894 3
   895 3
   896 3
   897 3
   898 3
   899 3
   900 3
   901 3
   902 3
   903 3
   904 3
   905 3
   906 3
   907 3
   908 3
  END_NODES_PER_ELEMENT
  ELEMENTS
  1 239 238 309  
  2 242 312 313  
  3 392 391 474  
  4 316 393 394  
  5 389 390 313  
  6 12 57 13  
  7 364 290 289  
  8 246 317 318  
  9 281 355 356  
  10 217 285 286  
  11 372 297 296  
  12 425 346 345  
  13 47 4 46  
  14 323 324 252  
  15 111 169 112  
  16 253 324 325  
  17 62 115 63  
  18 125 126 72  
  19 124 125 71  
  20 120 179 121  
  21 238 173 237  
  22 238 237 308  
  23 379 380 304  
  24 307 383 384  
  25 229 299 230  
  26 228 227 297  
  27 381 463 464  
  28 53 9 52  
  29 297 298 228  
  30 100 101 50  
  31 166 165 229  
  32 54 11 10  
  33 228 165 164  
  34 51 52 8  
  35 106 163 164  
  36 356 355 436  
  37 211 278 352  
  38 284 359 285  
  39 99 156 100  
  40 145 206 207  
  41 281 280 355  
  42 155 98 154  
  43 96 152 153  
  44 277 350 351  
  45 276 349 350  
  46 264 336 337  
  47 345 272 271  
  48 414 499 415  
  49 74 75 27  
  50 88 144 89  
  51 128 188 129  
  52 253 188 187  
  53 127 128 74  
  54 186 252 187  
  55 251 323 252  
  56 403 486 487  
  57 402 403 325  
  58 191 257 258  
  59 326 403 404  
  60 407 328 406  
  61 133 132 193  
  62 261 333 334  
  63 75 129 76  
  64 259 332 260  
  65 338 416 417  
  66 266 265 338  
  67 45 3 2  
  68 254 255 189  
  69 406 489 490  
  70 184 124 183  
  71 399 398 482  
  72 25 72 26  
  73 72 73 26  
  74 73 126 127  
  75 69 123 70  
  76 397 396 480  
  77 179 244 180  
  78 396 479 480  
  79 122 181 182  
  80 317 394 395  
  81 243 244 179  
  82 315 392 316  
  83 250 249 321  
  84 478 394 477  
  85 185 126 125  
  86 248 247 319  
  87 321 322 250  
  88 398 397 481  
  89 319 318 396  
  90 319 247 318  
  91 246 180 245  
  92 473 474 391  
  93 394 478 395  
  94 390 473 391  
  95 475 392 474  
  96 394 317 316  
  97 312 389 313  
  98 178 243 179  
  99 472 473 390  
  100 178 177 242  
  101 312 388 389  
  102 385 309 308  
  103 387 470 388  
  104 386 387 310  
  105 384 385 308  
  106 386 469 387  
  107 465 383 382  
  108 384 308 307  
  109 174 238 239  
  110 305 304 381  
  111 236 307 237  
  112 236 306 307  
  113 382 383 306  
  114 233 302 303  
  115 376 375 457  
  116 234 170 233  
  117 457 375 456  
  118 375 374 456  
  119 299 300 230  
  120 14 58 59  
  121 167 230 231  
  122 111 59 110  
  123 57 12 56  
  124 14 13 58  
  125 169 170 112  
  126 305 235 234  
  127 16 15 60  
  128 115 173 174  
  129 118 117 176  
  130 62 63 17  
  131 118 65 117  
  132 66 21 20  
  133 65 64 117  
  134 65 20 19  
  135 54 55 11  
  136 55 56 12  
  137 219 220 157  
  138 225 294 295  
  139 108 56 107  
  140 12 11 55  
  141 159 222 223  
  142 106 164 107  
  143 374 373 455  
  144 366 367 291  
  145 456 374 455  
  146 455 373 454  
  147 223 293 224  
  148 227 228 164  
  149 162 163 105  
  150 226 227 163  
  151 160 223 224  
  152 222 221 290  
  153 220 289 221  
  154 220 158 157  
  155 295 296 226  
  156 225 295 226  
  157 365 366 291  
  158 291 290 365  
  159 156 219 157  
  160 363 289 288  
  161 364 365 290  
  162 220 288 289  
  163 284 285 216  
  164 439 359 358  
  165 158 101 157  
  166 48 49 6  
  167 217 218 155  
  168 154 153 216  
  169 155 99 98  
  170 6 50 7  
  171 216 215 284  
  172 282 281 356  
  173 438 358 357  
  174 211 279 280  
  175 435 355 354  
  176 428 429 349  
  177 210 278 149  
  178 431 432 352  
  179 279 354 280  
  180 350 349 429  
  181 273 206 205  
  182 207 275 208  
  183 347 273 346  
  184 351 352 278  
  185 277 209 276  
  186 146 90 145  
  187 93 148 210  
  188 98 47 97  
  189 153 152 215  
  190 212 150 149  
  191 90 41 40  
  192 136 82 81  
  193 44 95 45  
  194 86 87 38  
  195 92 148 43  
  196 89 144 145  
  197 86 37 85  
  198 267 339 340  
  199 333 261 260  
  200 259 192 258  
  201 415 416 337  
  202 493 494 409  
  203 263 336 264  
  204 499 500 415  
  205 413 414 335  
  206 498 499 414  
  207 415 500 416  
  208 139 140 85  
  209 503 504 419  
  210 140 202 141  
  211 200 267 201  
  212 88 89 39  
  213 205 272 273  
  214 343 269 342  
  215 427 347 426  
  216 423 344 343  
  217 269 270 202  
  218 347 427 348  
  219 489 406 405  
  220 407 492 408  
  221 491 407 406  
  222 255 254 326  
  223 489 405 488  
  224 327 255 326  
  225 488 405 404  
  226 488 404 487  
  227 405 406 328  
  228 327 404 405  
  229 323 401 324  
  230 485 486 402  
  231 486 403 402  
  232 487 404 403  
  233 253 325 254  
  234 324 402 325  
  235 325 326 254  
  236 325 403 326  
  237 404 327 326  
  238 256 257 190  
  239 405 328 327  
  240 408 492 493  
  241 328 256 327  
  242 189 188 254  
  243 327 256 255  
  244 328 329 256  
  245 256 190 255  
  246 191 131 130  
  247 258 257 330  
  248 191 190 257  
  249 331 258 330  
  250 192 191 258  
  251 331 330 409  
  252 329 328 407  
  253 329 407 408  
  254 406 490 491  
  255 257 329 330  
  256 257 256 329  
  257 492 407 491  
  258 493 409 408  
  259 330 408 409  
  260 330 329 408  
  261 261 334 262  
  262 494 410 409  
  263 192 259 193  
  264 409 410 331  
  265 494 495 410  
  266 410 332 331  
  267 410 495 411  
  268 412 497 413  
  269 410 411 332  
  270 495 496 411  
  271 412 413 334  
  272 498 414 413  
  273 333 412 334  
  274 497 498 413  
  275 196 195 262  
  276 335 414 336  
  277 411 333 332  
  278 411 412 333  
  279 496 412 411  
  280 496 497 412  
  281 195 194 261  
  282 134 133 194  
  283 195 261 262  
  284 260 332 333  
  285 264 265 198  
  286 135 134 195  
  287 33 81 82  
  288 134 194 195  
  289 32 79 80  
  290 77 29 76  
  291 197 198 137  
  292 81 80 135  
  293 79 78 133  
  294 78 77 132  
  295 259 260 193  
  296 194 133 193  
  297 194 260 261  
  298 194 193 260  
  299 331 259 258  
  300 331 332 259  
  301 192 131 191  
  302 79 133 134  
  303 192 132 131  
  304 192 193 132  
  305 190 189 255  
  306 130 131 76  
  307 188 253 254  
  308 252 324 253  
  309 186 187 127  
  310 252 253 187  
  311 130 76 129  
  312 77 78 30  
  313 189 129 188  
  314 189 190 130  
  315 189 130 129  
  316 190 191 130  
  317 133 78 132  
  318 30 29 77  
  319 80 79 134  
  320 32 31 79  
  321 135 80 134  
  322 81 32 80  
  323 79 31 78  
  324 131 77 76  
  325 131 132 77  
  326 31 30 78  
  327 75 128 129  
  328 187 188 128  
  329 26 73 27  
  330 73 127 74  
  331 29 28 76  
  332 74 128 75  
  333 75 28 27  
  334 75 76 28  
  335 27 73 74  
  336 72 126 73  
  337 24 71 25  
  338 121 122 68  
  339 186 127 126  
  340 187 128 127  
  341 70 24 23  
  342 70 71 24  
  343 125 184 185  
  344 251 252 186  
  345 71 125 72  
  346 185 251 186  
  347 25 71 72  
  348 70 124 71  
  349 123 124 70  
  350 182 248 183  
  351 182 247 248  
  352 181 180 246  
  353 23 22 69  
  354 182 183 123  
  355 249 248 320  
  356 183 124 123  
  357 249 183 248  
  358 249 184 183  
  359 124 184 125  
  360 184 250 185  
  361 126 185 186  
  362 184 249 250  
  363 322 323 251  
  364 401 402 324  
  365 185 250 251  
  366 249 320 321  
  367 400 401 323  
  368 485 402 401  
  369 251 250 322  
  370 320 397 398  
  371 320 398 321  
  372 400 323 322  
  373 322 399 400  
  374 322 321 399  
  375 485 401 484  
  376 483 400 399  
  377 484 401 400  
  378 484 400 483  
  379 483 399 482  
  380 482 398 481  
  381 399 321 398  
  382 481 397 480  
  383 320 319 397  
  384 318 317 395  
  385 397 319 396  
  386 320 248 319  
  387 396 395 479  
  388 396 318 395  
  389 247 246 318  
  390 245 244 315  
  391 393 477 394  
  392 478 479 395  
  393 315 316 245  
  394 393 476 477  
  395 475 476 393  
  396 392 393 316  
  397 392 475 393  
  398 317 245 316  
  399 180 244 245  
  400 182 181 247  
  401 245 317 246  
  402 247 181 246  
  403 182 123 122  
  404 69 122 123  
  405 121 181 122  
  406 22 67 68  
  407 121 180 181  
  408 23 69 70  
  409 68 122 69  
  410 69 22 68  
  411 121 179 180  
  412 67 120 68  
  413 68 120 121  
  414 66 119 67  
  415 119 118 177  
  416 67 119 120  
  417 178 242 243  
  418 120 178 179  
  419 242 241 312  
  420 120 119 178  
  421 66 65 118  
  422 177 118 176  
  423 119 66 118  
  424 240 241 176  
  425 388 470 471  
  426 119 177 178  
  427 176 241 177  
  428 314 243 313  
  429 177 241 242  
  430 390 314 313  
  431 391 392 315  
  432 313 243 242  
  433 314 244 243  
  434 314 315 244  
  435 314 391 315  
  436 314 390 391  
  437 389 472 390  
  438 471 472 389  
  439 240 311 241  
  440 311 388 312  
  441 175 239 240  
  442 309 385 386  
  443 241 311 312  
  444 240 239 310  
  445 389 388 471  
  446 387 469 470  
  447 311 387 388  
  448 310 309 386  
  449 468 386 385  
  450 468 469 386  
  451 468 385 467  
  452 467 385 384  
  453 311 310 387  
  454 311 240 310  
  455 466 384 383  
  456 466 467 384  
  457 237 307 308  
  458 306 383 307  
  459 466 383 465  
  460 305 381 382  
  461 464 465 382  
  462 464 382 381  
  463 306 305 382  
  464 380 463 381  
  465 172 236 237  
  466 170 169 233  
  467 116 115 174  
  468 172 237 173  
  469 310 239 309  
  470 240 176 175  
  471 309 238 308  
  472 239 175 174  
  473 117 175 176  
  474 63 64 18  
  475 117 116 175  
  476 173 238 174  
  477 175 116 174  
  478 117 64 116  
  479 236 235 306  
  480 304 380 381  
  481 234 233 303  
  482 303 379 304  
  483 232 233 169  
  484 303 304 234  
  485 301 376 377  
  486 302 233 232  
  487 378 379 303  
  488 461 380 379  
  489 303 302 378  
  490 301 231 300  
  491 463 380 462  
  492 462 380 461  
  493 461 379 460  
  494 378 302 377  
  495 460 378 459  
  496 460 379 378  
  497 378 377 459  
  498 168 232 169  
  499 377 376 458  
  500 301 302 232  
  501 459 377 458  
  502 458 376 457  
  503 374 298 373  
  504 374 375 299  
  505 165 228 229  
  506 375 376 300  
  507 374 299 298  
  508 375 300 299  
  509 299 229 298  
  510 164 163 227  
  511 376 301 300  
  512 377 302 301  
  513 166 229 230  
  514 228 298 229  
  515 300 231 230  
  516 301 232 231  
  517 232 168 231  
  518 57 56 108  
  519 167 166 230  
  520 108 109 57  
  521 165 107 164  
  522 165 166 108  
  523 109 110 58  
  524 58 13 57  
  525 165 108 107  
  526 166 167 109  
  527 57 109 58  
  528 167 168 110  
  529 111 168 169  
  530 167 231 168  
  531 166 109 108  
  532 167 110 109  
  533 171 170 235  
  534 59 60 15  
  535 306 235 305  
  536 236 172 171  
  537 305 234 304  
  538 235 170 234  
  539 236 171 235  
  540 61 114 62  
  541 171 112 170  
  542 113 172 114  
  543 60 111 112  
  544 110 168 111  
  545 60 112 113  
  546 172 173 114  
  547 64 63 116  
  548 114 173 115  
  549 17 63 18  
  550 115 116 63  
  551 21 67 22  
  552 66 67 21  
  553 65 66 20  
  554 64 19 18  
  555 64 65 19  
  556 16 60 61  
  557 114 115 62  
  558 171 113 112  
  559 171 172 113  
  560 61 60 113  
  561 15 14 59  
  562 110 59 58  
  563 111 60 59  
  564 114 61 113  
  565 62 17 61  
  566 17 16 61  
  567 50 51 7  
  568 53 52 104  
  569 7 51 8  
  570 104 161 162  
  571 6 49 50  
  572 101 158 102  
  573 98 99 48  
  574 100 50 49  
  575 48 6 5  
  576 48 5 47  
  577 46 3 45  
  578 44 2 1  
  579 146 147 91  
  580 49 99 100  
  581 218 217 286  
  582 46 4 3  
  583 47 5 4  
  584 98 48 47  
  585 99 49 48  
  586 8 52 9  
  587 51 102 103  
  588 50 101 51  
  589 159 223 160  
  590 51 101 102  
  591 100 157 101  
  592 290 221 289  
  593 290 291 222  
  594 51 103 52  
  595 102 159 160  
  596 158 159 102  
  597 158 221 159  
  598 53 105 54  
  599 104 162 105  
  600 9 53 10  
  601 52 103 104  
  602 53 104 105  
  603 103 161 104  
  604 53 54 10  
  605 54 106 55  
  606 105 106 54  
  607 107 56 55  
  608 55 106 107  
  609 105 163 106  
  610 296 227 226  
  611 296 297 227  
  612 225 162 161  
  613 226 163 162  
  614 162 225 226  
  615 292 291 367  
  616 224 293 294  
  617 372 454 373  
  618 371 372 296  
  619 373 298 297  
  620 370 295 294  
  621 371 296 295  
  622 370 452 371  
  623 295 370 371  
  624 297 372 373  
  625 371 453 372  
  626 454 372 453  
  627 453 371 452  
  628 369 451 370  
  629 294 293 369  
  630 452 370 451  
  631 293 368 369  
  632 367 448 449  
  633 294 369 370  
  634 368 450 369  
  635 451 369 450  
  636 450 368 449  
  637 449 368 367  
  638 448 366 447  
  639 293 292 368  
  640 366 448 367  
  641 225 224 294  
  642 292 367 368  
  643 223 292 293  
  644 223 222 292  
  645 161 224 225  
  646 161 160 224  
  647 103 160 161  
  648 103 102 160  
  649 292 222 291  
  650 159 221 222  
  651 286 287 218  
  652 157 100 156  
  653 99 155 156  
  654 98 97 154  
  655 155 154 217  
  656 97 96 153  
  657 361 442 362  
  658 363 444 364  
  659 155 218 156  
  660 287 288 219  
  661 219 218 287  
  662 219 156 218  
  663 158 220 221  
  664 219 288 220  
  665 287 362 288  
  666 446 366 365  
  667 447 366 446  
  668 446 365 445  
  669 363 364 289  
  670 445 365 364  
  671 362 363 288  
  672 362 443 363  
  673 286 361 287  
  674 287 361 362  
  675 445 364 444  
  676 444 363 443  
  677 443 362 442  
  678 285 360 286  
  679 360 441 361  
  680 442 361 441  
  681 440 360 359  
  682 441 360 440  
  683 361 286 360  
  684 440 359 439  
  685 360 285 359  
  686 217 216 285  
  687 217 154 216  
  688 214 213 282  
  689 358 359 284  
  690 215 214 283  
  691 438 439 358  
  692 437 356 436  
  693 357 356 437  
  694 283 284 215  
  695 436 355 435  
  696 212 149 211  
  697 279 211 352  
  698 357 282 356  
  699 151 152 95  
  700 438 357 437  
  701 358 284 283  
  702 357 283 282  
  703 357 358 283  
  704 216 153 215  
  705 154 97 153  
  706 283 214 282  
  707 215 152 214  
  708 96 46 45  
  709 97 47 46  
  710 46 96 97  
  711 95 152 96  
  712 282 213 281  
  713 214 152 151  
  714 94 151 95  
  715 213 214 151  
  716 44 45 2  
  717 95 96 45  
  718 43 94 44  
  719 93 150 94  
  720 43 44 1  
  721 94 95 44  
  722 92 147 148  
  723 93 94 43  
  724 148 93 43  
  725 149 150 93  
  726 280 212 211  
  727 149 278 211  
  728 151 150 213  
  729 151 94 150  
  730 213 212 281  
  731 213 150 212  
  732 355 280 354  
  733 281 212 280  
  734 435 354 434  
  735 518 353 432  
  736 434 354 353  
  737 434 353 433  
  738 433 353 518  
  739 430 431 351  
  740 432 353 279  
  741 432 279 352  
  742 353 354 279  
  743 516 431 430  
  744 517 432 431  
  745 517 431 516  
  746 518 432 517  
  747 516 430 515  
  748 348 349 275  
  749 429 430 350  
  750 427 428 348  
  751 514 428 513  
  752 514 515 429  
  753 514 429 428  
  754 515 430 429  
  755 349 348 428  
  756 274 206 273  
  757 511 426 425  
  758 512 513 427  
  759 512 427 426  
  760 513 428 427  
  761 274 273 347  
  762 346 426 347  
  763 346 273 272  
  764 347 348 274  
  765 275 274 348  
  766 275 207 274  
  767 146 207 208  
  768 206 274 207  
  769 275 276 208  
  770 275 349 276  
  771 430 351 350  
  772 431 352 351  
  773 350 277 276  
  774 351 278 277  
  775 276 209 208  
  776 277 278 210  
  777 93 210 149  
  778 209 277 210  
  779 42 41 91  
  780 209 210 148  
  781 207 146 145  
  782 208 209 147  
  783 208 147 146  
  784 209 148 147  
  785 87 143 88  
  786 206 145 144  
  787 42 91 92  
  788 90 146 91  
  789 1 92 43  
  790 91 147 92  
  791 41 90 91  
  792 89 145 90  
  793 40 89 90  
  794 1 42 92  
  795 86 85 141  
  796 39 89 40  
  797 38 88 39  
  798 38 37 86  
  799 85 140 141  
  800 84 139 85  
  801 35 84 36  
  802 32 81 33  
  803 83 138 84  
  804 138 83 137  
  805 36 85 37  
  806 36 84 85  
  807 203 142 141  
  808 143 144 88  
  809 142 86 141  
  810 87 88 38  
  811 142 87 86  
  812 142 143 87  
  813 142 204 143  
  814 142 203 204  
  815 144 205 206  
  816 144 143 205  
  817 271 203 270  
  818 202 140 201  
  819 205 204 272  
  820 205 143 204  
  821 199 139 138  
  822 82 83 34  
  823 267 266 339  
  824 83 84 35  
  825 340 268 267  
  826 140 139 200  
  827 136 197 137  
  828 199 200 139  
  829 199 138 198  
  830 139 84 138  
  831 265 199 198  
  832 266 200 199  
  833 34 83 35  
  834 34 33 82  
  835 135 136 81  
  836 137 83 82  
  837 136 137 82  
  838 198 138 137  
  839 195 196 135  
  840 338 337 416  
  841 196 136 135  
  842 196 197 136  
  843 262 263 196  
  844 264 198 197  
  845 196 263 197  
  846 336 414 415  
  847 197 263 264  
  848 262 334 335  
  849 337 336 415  
  850 263 262 335  
  851 263 335 336  
  852 334 413 335  
  853 500 501 416  
  854 417 418 339  
  855 502 418 417  
  856 199 265 266  
  857 264 337 265  
  858 339 338 417  
  859 265 337 338  
  860 340 339 418  
  861 266 338 339  
  862 501 417 416  
  863 501 502 417  
  864 503 418 502  
  865 419 340 418  
  866 505 420 504  
  867 420 341 419  
  868 506 420 505  
  869 424 423 509  
  870 503 419 418  
  871 504 420 419  
  872 419 341 340  
  873 420 506 421  
  874 341 268 340  
  875 200 266 267  
  876 200 201 140  
  877 202 203 141  
  878 267 268 201  
  879 201 269 202  
  880 268 269 201  
  881 268 341 342  
  882 420 421 341  
  883 269 343 270  
  884 268 342 269  
  885 423 508 509  
  886 204 203 271  
  887 343 422 423  
  888 271 270 344  
  889 203 202 270  
  890 345 271 344  
  891 272 204 271  
  892 424 345 344  
  893 346 272 345  
  894 510 425 424  
  895 426 346 425  
  896 512 426 511  
  897 511 425 510  
  898 270 343 344  
  899 422 421 507  
  900 510 424 509  
  901 425 345 424  
  902 342 421 422  
  903 342 341 421  
  904 342 422 343  
  905 421 506 507  
  906 508 422 507  
  907 344 423 424  
  908 422 508 423  
  END_ELEMENTS  
  COORDINATES  
   1   1.000000e+00  0.000000e+00   
   2   9.888308e-01  1.490423e-01   
   3   9.555728e-01  2.947552e-01   
   4   9.009689e-01  4.338837e-01   
   5   8.262388e-01  5.633201e-01   
   6   7.330519e-01  6.801727e-01   
   7   6.234898e-01  7.818315e-01   
   8   5.000000e-01  8.660254e-01   
   9   3.653410e-01  9.308737e-01   
   10   2.225209e-01  9.749279e-01   
   11   7.473009e-02  9.972038e-01   
   12  -7.473009e-02  9.972038e-01   
   13  -2.225209e-01  9.749279e-01   
   14  -3.653410e-01  9.308737e-01   
   15  -5.000000e-01  8.660254e-01   
   16  -6.234898e-01  7.818315e-01   
   17  -7.330519e-01  6.801727e-01   
   18  -8.262388e-01  5.633201e-01   
   19  -9.009689e-01  4.338837e-01   
   20  -9.555728e-01  2.947552e-01   
   21  -9.888308e-01  1.490423e-01   
   22  -1.000000e+00  1.000000e-16   
   23  -9.888308e-01 -1.490423e-01   
   24  -9.555728e-01 -2.947552e-01   
   25  -9.009689e-01 -4.338837e-01   
   26  -8.262388e-01 -5.633201e-01   
   27  -7.330519e-01 -6.801727e-01   
   28  -6.234898e-01 -7.818315e-01   
   29  -5.000000e-01 -8.660254e-01   
   30  -3.653410e-01 -9.308737e-01   
   31  -2.225209e-01 -9.749279e-01   
   32  -7.473009e-02 -9.972038e-01   
   33   7.473009e-02 -9.972038e-01   
   34   2.225209e-01 -9.749279e-01   
   35   3.653410e-01 -9.308737e-01   
   36   5.000000e-01 -8.660254e-01   
   37   6.234898e-01 -7.818315e-01   
   38   7.330519e-01 -6.801727e-01   
   39   8.262388e-01 -5.633201e-01   
   40   9.009689e-01 -4.338837e-01   
   41   9.555728e-01 -2.947552e-01   
   42   9.888308e-01 -1.490423e-01   
   43   1.142857e+00  0.000000e+00   
   44   1.133845e+00  1.432380e-01   
   45   1.106952e+00  2.842170e-01   
   46   1.062602e+00  4.207138e-01   
   47   1.001493e+00  5.505756e-01   
   48   9.245909e-01  6.717546e-01   
   49   8.331070e-01  7.823395e-01   
   50   7.284846e-01  8.805866e-01   
   51   6.123735e-01  9.649462e-01   
   52   4.866049e-01  1.034088e+00   
   53   3.531623e-01  1.086922e+00   
   54   2.141501e-01  1.122614e+00   
   55   7.176059e-02  1.140602e+00   
   56  -7.176059e-02  1.140602e+00   
   57  -2.141501e-01  1.122614e+00   
   58  -3.531623e-01  1.086922e+00   
   59  -4.866049e-01  1.034088e+00   
   60  -6.123735e-01  9.649462e-01   
   61  -7.284846e-01  8.805866e-01   
   62  -8.331070e-01  7.823395e-01   
   63  -9.245909e-01  6.717546e-01   
   64  -1.001493e+00  5.505756e-01   
   65  -1.062602e+00  4.207138e-01   
   66  -1.106952e+00  2.842170e-01   
   67  -1.133845e+00  1.432380e-01   
   68  -1.142857e+00 -4.000000e-16   
   69  -1.133845e+00 -1.432380e-01   
   70  -1.106952e+00 -2.842170e-01   
   71  -1.062602e+00 -4.207138e-01   
   72  -1.001493e+00 -5.505756e-01   
   73  -9.245909e-01 -6.717546e-01   
   74  -8.331070e-01 -7.823395e-01   
   75  -7.284846e-01 -8.805866e-01   
   76  -6.123735e-01 -9.649462e-01   
   77  -4.866049e-01 -1.034088e+00   
   78  -3.531623e-01 -1.086922e+00   
   79  -2.141501e-01 -1.122614e+00   
   80  -7.176059e-02 -1.140602e+00   
   81   7.176059e-02 -1.140602e+00   
   82   2.141501e-01 -1.122614e+00   
   83   3.531623e-01 -1.086922e+00   
   84   4.866049e-01 -1.034088e+00   
   85   6.123735e-01 -9.649462e-01   
   86   7.284846e-01 -8.805866e-01   
   87   8.331070e-01 -7.823395e-01   
   88   9.245909e-01 -6.717546e-01   
   89   1.001493e+00 -5.505756e-01   
   90   1.062602e+00 -4.207138e-01   
   91   1.106952e+00 -2.842170e-01   
   92   1.133845e+00 -1.432380e-01   
   93   1.285714e+00  0.000000e+00   
   94   1.277630e+00  1.439543e-01   
   95   1.253479e+00  2.860983e-01   
   96   1.213564e+00  4.246445e-01   
   97   1.158389e+00  5.578505e-01   
   98   1.088645e+00  6.840412e-01   
   99   1.005212e+00  8.016297e-01   
   100   9.091373e-01  9.091373e-01   
   101   8.016297e-01  1.005212e+00   
   102   6.840412e-01  1.088645e+00   
   103   5.578505e-01  1.158389e+00   
   104   4.246445e-01  1.213564e+00   
   105   2.860983e-01  1.253479e+00   
   106   1.439543e-01  1.277630e+00   
   107   1.000000e-16  1.285714e+00   
   108  -1.439543e-01  1.277630e+00   
   109  -2.860983e-01  1.253479e+00   
   110  -4.246445e-01  1.213564e+00   
   111  -5.578505e-01  1.158389e+00   
   112  -6.840412e-01  1.088645e+00   
   113  -8.016297e-01  1.005212e+00   
   114  -9.091373e-01  9.091373e-01   
   115  -1.005212e+00  8.016297e-01   
   116  -1.088645e+00  6.840412e-01   
   117  -1.158389e+00  5.578505e-01   
   118  -1.213564e+00  4.246445e-01   
   119  -1.253479e+00  2.860983e-01   
   120  -1.277630e+00  1.439543e-01   
   121  -1.285714e+00  2.000000e-16   
   122  -1.277630e+00 -1.439543e-01   
   123  -1.253479e+00 -2.860983e-01   
   124  -1.213564e+00 -4.246445e-01   
   125  -1.158389e+00 -5.578505e-01   
   126  -1.088645e+00 -6.840412e-01   
   127  -1.005212e+00 -8.016297e-01   
   128  -9.091373e-01 -9.091373e-01   
   129  -8.016297e-01 -1.005212e+00   
   130  -6.840412e-01 -1.088645e+00   
   131  -5.578505e-01 -1.158389e+00   
   132  -4.246445e-01 -1.213564e+00   
   133  -2.860983e-01 -1.253479e+00   
   134  -1.439543e-01 -1.277630e+00   
   135   1.000000e-16 -1.285714e+00   
   136   1.439543e-01 -1.277630e+00   
   137   2.860983e-01 -1.253479e+00   
   138   4.246445e-01 -1.213564e+00   
   139   5.578505e-01 -1.158389e+00   
   140   6.840412e-01 -1.088645e+00   
   141   8.016297e-01 -1.005212e+00   
   142   9.091373e-01 -9.091373e-01   
   143   1.005212e+00 -8.016297e-01   
   144   1.088645e+00 -6.840412e-01   
   145   1.158389e+00 -5.578505e-01   
   146   1.213564e+00 -4.246445e-01   
   147   1.253479e+00 -2.860983e-01   
   148   1.277630e+00 -1.439543e-01   
   149   1.428571e+00  0.000000e+00   
   150   1.421242e+00  1.445262e-01   
   151   1.399328e+00  2.875693e-01   
   152   1.363056e+00  4.276616e-01   
   153   1.312797e+00  5.633655e-01   
   154   1.249067e+00  6.932885e-01   
   155   1.172519e+00  8.160975e-01   
   156   1.083940e+00  9.305321e-01   
   157   9.842385e-01  1.035418e+00   
   158   8.744371e-01  1.129680e+00   
   159   7.556629e-01  1.212349e+00   
   160   6.291345e-01  1.282578e+00   
   161   4.961504e-01  1.339646e+00   
   162   3.580750e-01  1.382967e+00   
   163   2.163254e-01  1.412098e+00   
   164   7.235596e-02  1.426738e+00   
   165  -7.235596e-02  1.426738e+00   
   166  -2.163254e-01  1.412098e+00   
   167  -3.580750e-01  1.382967e+00   
   168  -4.961504e-01  1.339646e+00   
   169  -6.291345e-01  1.282578e+00   
   170  -7.556629e-01  1.212349e+00   
   171  -8.744371e-01  1.129680e+00   
   172  -9.842385e-01  1.035418e+00   
   173  -1.083940e+00  9.305321e-01   
   174  -1.172519e+00  8.160975e-01   
   175  -1.249067e+00  6.932885e-01   
   176  -1.312797e+00  5.633655e-01   
   177  -1.363056e+00  4.276616e-01   
   178  -1.399328e+00  2.875693e-01   
   179  -1.421242e+00  1.445262e-01   
   180  -1.428571e+00  2.000000e-16   
   181  -1.421242e+00 -1.445262e-01   
   182  -1.399328e+00 -2.875693e-01   
   183  -1.363056e+00 -4.276616e-01   
   184  -1.312797e+00 -5.633655e-01   
   185  -1.249067e+00 -6.932885e-01   
   186  -1.172519e+00 -8.160975e-01   
   187  -1.083940e+00 -9.305321e-01   
   188  -9.842385e-01 -1.035418e+00   
   189  -8.744371e-01 -1.129680e+00   
   190  -7.556629e-01 -1.212349e+00   
   191  -6.291345e-01 -1.282578e+00   
   192  -4.961504e-01 -1.339646e+00   
   193  -3.580750e-01 -1.382967e+00   
   194  -2.163254e-01 -1.412098e+00   
   195  -7.235596e-02 -1.426738e+00   
   196   7.235596e-02 -1.426738e+00   
   197   2.163254e-01 -1.412098e+00   
   198   3.580750e-01 -1.382967e+00   
   199   4.961504e-01 -1.339646e+00   
   200   6.291345e-01 -1.282578e+00   
   201   7.556629e-01 -1.212349e+00   
   202   8.744371e-01 -1.129680e+00   
   203   9.842385e-01 -1.035418e+00   
   204   1.083940e+00 -9.305321e-01   
   205   1.172519e+00 -8.160975e-01   
   206   1.249067e+00 -6.932885e-01   
   207   1.312797e+00 -5.633655e-01   
   208   1.363056e+00 -4.276616e-01   
   209   1.399328e+00 -2.875693e-01   
   210   1.421242e+00 -1.445262e-01   
   211   1.571429e+00  0.000000e+00   
   212   1.564725e+00  1.449931e-01   
   213   1.544672e+00  2.887492e-01   
   214   1.511440e+00  4.300418e-01   
   215   1.465314e+00  5.676655e-01   
   216   1.406685e+00  7.004460e-01   
   217   1.336055e+00  8.272505e-01   
   218   1.254027e+00  9.469973e-01   
   219   1.161300e+00  1.058665e+00   
   220   1.058665e+00  1.161300e+00   
   221   9.469973e-01  1.254027e+00   
   222   8.272505e-01  1.336055e+00   
   223   7.004460e-01  1.406685e+00   
   224   5.676655e-01  1.465314e+00   
   225   4.300418e-01  1.511440e+00   
   226   2.887492e-01  1.544672e+00   
   227   1.449931e-01  1.564725e+00   
   228   1.000000e-16  1.571429e+00   
   229  -1.449931e-01  1.564725e+00   
   230  -2.887492e-01  1.544672e+00   
   231  -4.300418e-01  1.511440e+00   
   232  -5.676655e-01  1.465314e+00   
   233  -7.004460e-01  1.406685e+00   
   234  -8.272505e-01  1.336055e+00   
   235  -9.469973e-01  1.254027e+00   
   236  -1.058665e+00  1.161300e+00   
   237  -1.161300e+00  1.058665e+00   
   238  -1.254027e+00  9.469973e-01   
   239  -1.336055e+00  8.272505e-01   
   240  -1.406685e+00  7.004460e-01   
   241  -1.465314e+00  5.676655e-01   
   242  -1.511440e+00  4.300418e-01   
   243  -1.544672e+00  2.887492e-01   
   244  -1.564725e+00  1.449931e-01   
   245  -1.571429e+00  2.000000e-16   
   246  -1.564725e+00 -1.449931e-01   
   247  -1.544672e+00 -2.887492e-01   
   248  -1.511440e+00 -4.300418e-01   
   249  -1.465314e+00 -5.676655e-01   
   250  -1.406685e+00 -7.004460e-01   
   251  -1.336055e+00 -8.272505e-01   
   252  -1.254027e+00 -9.469973e-01   
   253  -1.161300e+00 -1.058665e+00   
   254  -1.058665e+00 -1.161300e+00   
   255  -9.469973e-01 -1.254027e+00   
   256  -8.272505e-01 -1.336055e+00   
   257  -7.004460e-01 -1.406685e+00   
   258  -5.676655e-01 -1.465314e+00   
   259  -4.300418e-01 -1.511440e+00   
   260  -2.887492e-01 -1.544672e+00   
   261  -1.449931e-01 -1.564725e+00   
   262   1.000000e-16 -1.571429e+00   
   263   1.449931e-01 -1.564725e+00   
   264   2.887492e-01 -1.544672e+00   
   265   4.300418e-01 -1.511440e+00   
   266   5.676655e-01 -1.465314e+00   
   267   7.004460e-01 -1.406685e+00   
   268   8.272505e-01 -1.336055e+00   
   269   9.469973e-01 -1.254027e+00   
   270   1.058665e+00 -1.161300e+00   
   271   1.161300e+00 -1.058665e+00   
   272   1.254027e+00 -9.469973e-01   
   273   1.336055e+00 -8.272505e-01   
   274   1.406685e+00 -7.004460e-01   
   275   1.465314e+00 -5.676655e-01   
   276   1.511440e+00 -4.300418e-01   
   277   1.544672e+00 -2.887492e-01   
   278   1.564725e+00 -1.449931e-01   
   279   1.714286e+00  0.000000e+00   
   280   1.708110e+00  1.453816e-01   
   281   1.689627e+00  2.897157e-01   
   282   1.658971e+00  4.319624e-01   
   283   1.616361e+00  5.710968e-01   
   284   1.562106e+00  7.061164e-01   
   285   1.496596e+00  8.360485e-01   
   286   1.420302e+00  9.599568e-01   
   287   1.333776e+00  1.076949e+00   
   288   1.237639e+00  1.186181e+00   
   289   1.132585e+00  1.286867e+00   
   290   1.019371e+00  1.378281e+00   
   291   8.988125e-01  1.459764e+00   
   292   7.717778e-01  1.530730e+00   
   293   6.391825e-01  1.590667e+00   
   294   5.019819e-01  1.639143e+00   
   295   3.611645e-01  1.675809e+00   
   296   2.177448e-01  1.700401e+00   
   297   7.275635e-02  1.712741e+00   
   298  -7.275635e-02  1.712741e+00   
   299  -2.177448e-01  1.700401e+00   
   300  -3.611645e-01  1.675809e+00   
   301  -5.019819e-01  1.639143e+00   
   302  -6.391825e-01  1.590667e+00   
   303  -7.717778e-01  1.530730e+00   
   304  -8.988125e-01  1.459764e+00   
   305  -1.019371e+00  1.378281e+00   
   306  -1.132585e+00  1.286867e+00   
   307  -1.237639e+00  1.186181e+00   
   308  -1.333776e+00  1.076949e+00   
   309  -1.420302e+00  9.599568e-01   
   310  -1.496596e+00  8.360485e-01   
   311  -1.562106e+00  7.061164e-01   
   312  -1.616361e+00  5.710968e-01   
   313  -1.658971e+00  4.319624e-01   
   314  -1.689627e+00  2.897157e-01   
   315  -1.708110e+00  1.453816e-01   
   316  -1.714286e+00  2.000000e-16   
   317  -1.708110e+00 -1.453816e-01   
   318  -1.689627e+00 -2.897157e-01   
   319  -1.658971e+00 -4.319624e-01   
   320  -1.616361e+00 -5.710968e-01   
   321  -1.562106e+00 -7.061164e-01   
   322  -1.496596e+00 -8.360485e-01   
   323  -1.420302e+00 -9.599568e-01   
   324  -1.333776e+00 -1.076949e+00   
   325  -1.237639e+00 -1.186181e+00   
   326  -1.132585e+00 -1.286867e+00   
   327  -1.019371e+00 -1.378281e+00   
   328  -8.988125e-01 -1.459764e+00   
   329  -7.717778e-01 -1.530730e+00   
   330  -6.391825e-01 -1.590667e+00   
   331  -5.019819e-01 -1.639143e+00   
   332  -3.611645e-01 -1.675809e+00   
   333  -2.177448e-01 -1.700401e+00   
   334  -7.275635e-02 -1.712741e+00   
   335   7.275635e-02 -1.712741e+00   
   336   2.177448e-01 -1.700401e+00   
   337   3.611645e-01 -1.675809e+00   
   338   5.019819e-01 -1.639143e+00   
   339   6.391825e-01 -1.590667e+00   
   340   7.717778e-01 -1.530730e+00   
   341   8.988125e-01 -1.459764e+00   
   342   1.019371e+00 -1.378281e+00   
   343   1.132585e+00 -1.286867e+00   
   344   1.237639e+00 -1.186181e+00   
   345   1.333776e+00 -1.076949e+00   
   346   1.420302e+00 -9.599568e-01   
   347   1.496596e+00 -8.360485e-01   
   348   1.562106e+00 -7.061164e-01   
   349   1.616361e+00 -5.710968e-01   
   350   1.658971e+00 -4.319624e-01   
   351   1.689627e+00 -2.897157e-01   
   352   1.708110e+00 -1.453816e-01   
   353   1.857143e+00  0.000000e+00   
   354   1.851418e+00  1.457097e-01   
   355   1.834278e+00  2.905211e-01   
   356   1.805830e+00  4.335414e-01   
   357   1.766248e+00  5.738887e-01   
   358   1.715776e+00  7.106978e-01   
   359   1.654726e+00  8.431252e-01   
   360   1.583475e+00  9.703545e-01   
   361   1.502460e+00  1.091601e+00   
   362   1.412183e+00  1.206118e+00   
   363   1.313198e+00  1.313198e+00   
   364   1.206118e+00  1.412183e+00   
   365   1.091601e+00  1.502460e+00   
   366   9.703545e-01  1.583475e+00   
   367   8.431252e-01  1.654726e+00   
   368   7.106978e-01  1.715776e+00   
   369   5.738887e-01  1.766248e+00   
   370   4.335414e-01  1.805830e+00   
   371   2.905211e-01  1.834278e+00   
   372   1.457097e-01  1.851418e+00   
   373   1.000000e-16  1.857143e+00   
   374  -1.457097e-01  1.851418e+00   
   375  -2.905211e-01  1.834278e+00   
   376  -4.335414e-01  1.805830e+00   
   377  -5.738887e-01  1.766248e+00   
   378  -7.106978e-01  1.715776e+00   
   379  -8.431252e-01  1.654726e+00   
   380  -9.703545e-01  1.583475e+00   
   381  -1.091601e+00  1.502460e+00   
   382  -1.206118e+00  1.412183e+00   
   383  -1.313198e+00  1.313198e+00   
   384  -1.412183e+00  1.206118e+00   
   385  -1.502460e+00  1.091601e+00   
   386  -1.583475e+00  9.703545e-01   
   387  -1.654726e+00  8.431252e-01   
   388  -1.715776e+00  7.106978e-01   
   389  -1.766248e+00  5.738887e-01   
   390  -1.805830e+00  4.335414e-01   
   391  -1.834278e+00  2.905211e-01   
   392  -1.851418e+00  1.457097e-01   
   393  -1.857143e+00  2.000000e-16   
   394  -1.851418e+00 -1.457097e-01   
   395  -1.834278e+00 -2.905211e-01   
   396  -1.805830e+00 -4.335414e-01   
   397  -1.766248e+00 -5.738887e-01   
   398  -1.715776e+00 -7.106978e-01   
   399  -1.654726e+00 -8.431252e-01   
   400  -1.583475e+00 -9.703545e-01   
   401  -1.502460e+00 -1.091601e+00   
   402  -1.412183e+00 -1.206118e+00   
   403  -1.313198e+00 -1.313198e+00   
   404  -1.206118e+00 -1.412183e+00   
   405  -1.091601e+00 -1.502460e+00   
   406  -9.703545e-01 -1.583475e+00   
   407  -8.431252e-01 -1.654726e+00   
   408  -7.106978e-01 -1.715776e+00   
   409  -5.738887e-01 -1.766248e+00   
   410  -4.335414e-01 -1.805830e+00   
   411  -2.905211e-01 -1.834278e+00   
   412  -1.457097e-01 -1.851418e+00   
   413   1.000000e-16 -1.857143e+00   
   414   1.457097e-01 -1.851418e+00   
   415   2.905211e-01 -1.834278e+00   
   416   4.335414e-01 -1.805830e+00   
   417   5.738887e-01 -1.766248e+00   
   418   7.106978e-01 -1.715776e+00   
   419   8.431252e-01 -1.654726e+00   
   420   9.703545e-01 -1.583475e+00   
   421   1.091601e+00 -1.502460e+00   
   422   1.206118e+00 -1.412183e+00   
   423   1.313198e+00 -1.313198e+00   
   424   1.412183e+00 -1.206118e+00   
   425   1.502460e+00 -1.091601e+00   
   426   1.583475e+00 -9.703545e-01   
   427   1.654726e+00 -8.431252e-01   
   428   1.715776e+00 -7.106978e-01   
   429   1.766248e+00 -5.738887e-01   
   430   1.805830e+00 -4.335414e-01   
   431   1.834278e+00 -2.905211e-01   
   432   1.851418e+00 -1.457097e-01   
   433   2.000000e+00  0.000000e+00   
   434   1.994665e+00  1.459906e-01   
   435   1.978687e+00  2.912023e-01   
   436   1.952152e+00  4.348604e-01   
   437   1.915201e+00  5.761982e-01   
   438   1.868032e+00  7.144618e-01   
   439   1.810896e+00  8.489134e-01   
   440   1.744099e+00  9.788357e-01   
   441   1.667996e+00  1.103535e+00   
   442   1.582993e+00  1.222347e+00   
   443   1.489544e+00  1.334638e+00   
   444   1.388148e+00  1.439807e+00   
   445   1.279346e+00  1.537294e+00   
   446   1.163718e+00  1.626579e+00   
   447   1.041881e+00  1.707186e+00   
   448   9.144846e-01  1.778684e+00   
   449   7.822094e-01  1.840692e+00   
   450   6.457608e-01  1.892880e+00   
   451   5.058668e-01  1.934967e+00   
   452   3.632737e-01  1.966731e+00   
   453   2.187424e-01  1.988002e+00   
   454   7.304405e-02  1.998666e+00   
   455  -7.304405e-02  1.998666e+00   
   456  -2.187424e-01  1.988002e+00   
   457  -3.632737e-01  1.966731e+00   
   458  -5.058668e-01  1.934967e+00   
   459  -6.457608e-01  1.892880e+00   
   460  -7.822094e-01  1.840692e+00   
   461  -9.144846e-01  1.778684e+00   
   462  -1.041881e+00  1.707186e+00   
   463  -1.163718e+00  1.626579e+00   
   464  -1.279346e+00  1.537294e+00   
   465  -1.388148e+00  1.439807e+00   
   466  -1.489544e+00  1.334638e+00   
   467  -1.582993e+00  1.222347e+00   
   468  -1.667996e+00  1.103535e+00   
   469  -1.744099e+00  9.788357e-01   
   470  -1.810896e+00  8.489134e-01   
   471  -1.868032e+00  7.144618e-01   
   472  -1.915201e+00  5.761982e-01   
   473  -1.952152e+00  4.348604e-01   
   474  -1.978687e+00  2.912023e-01   
   475  -1.994665e+00  1.459906e-01   
   476  -2.000000e+00  2.000000e-16   
   477  -1.994665e+00 -1.459906e-01   
   478  -1.978687e+00 -2.912023e-01   
   479  -1.952152e+00 -4.348604e-01   
   480  -1.915201e+00 -5.761982e-01   
   481  -1.868032e+00 -7.144618e-01   
   482  -1.810896e+00 -8.489134e-01   
   483  -1.744099e+00 -9.788357e-01   
   484  -1.667996e+00 -1.103535e+00   
   485  -1.582993e+00 -1.222347e+00   
   486  -1.489544e+00 -1.334638e+00   
   487  -1.388148e+00 -1.439807e+00   
   488  -1.279346e+00 -1.537294e+00   
   489  -1.163718e+00 -1.626579e+00   
   490  -1.041881e+00 -1.707186e+00   
   491  -9.144846e-01 -1.778684e+00   
   492  -7.822094e-01 -1.840692e+00   
   493  -6.457608e-01 -1.892880e+00   
   494  -5.058668e-01 -1.934967e+00   
   495  -3.632737e-01 -1.966731e+00   
   496  -2.187424e-01 -1.988002e+00   
   497  -7.304405e-02 -1.998666e+00   
   498   7.304405e-02 -1.998666e+00   
   499   2.187424e-01 -1.988002e+00   
   500   3.632737e-01 -1.966731e+00   
   501   5.058668e-01 -1.934967e+00   
   502   6.457608e-01 -1.892880e+00   
   503   7.822094e-01 -1.840692e+00   
   504   9.144846e-01 -1.778684e+00   
   505   1.041881e+00 -1.707186e+00   
   506   1.163718e+00 -1.626579e+00   
   507   1.279346e+00 -1.537294e+00   
   508   1.388148e+00 -1.439807e+00   
   509   1.489544e+00 -1.334638e+00   
   510   1.582993e+00 -1.222347e+00   
   511   1.667996e+00 -1.103535e+00   
   512   1.744099e+00 -9.788357e-01   
   513   1.810896e+00 -8.489134e-01   
   514   1.868032e+00 -7.144618e-01   
   515   1.915201e+00 -5.761982e-01   
   516   1.952152e+00 -4.348604e-01   
   517   1.978687e+00 -2.912023e-01   
   518   1.994665e+00 -1.459906e-01   
  END_COORDINATES
  BOUNDARIES, ELEMENT
    1		1	42	794	
    2		2	1	578	
    3		3	2	67	
    4		4	3	582	
    5		5	4	583	
    6		6	5	575	
    7		7	6	170	
    8		8	7	569	
    9		9	8	586	
    10		10	9	600	
    11		11	10	32	
    12		12	11	140	
    13		13	12	6	
    14		14	13	124	
    15		15	14	561	
    16		16	15	127	
    17		17	16	566	
    18		18	17	549	
    19		19	18	554	
    20		20	19	134	
    21		21	20	132	
    22		22	21	551	
    23		23	22	353	
    24		24	23	341	
    25		25	24	337	
    26		26	25	72	
    27		27	26	329	
    28		28	27	333	
    29		29	28	331	
    30		30	29	318	
    31		31	30	326	
    32		32	31	320	
    33		33	32	802	
    34		34	33	834	
    35		35	34	833	
    36		36	35	801	
    37		37	36	805	
    38		38	37	798	
    39		39	38	797	
    40		40	39	796	
    41		41	40	191	
    42		42	41	779	
    43		433	434	737	
    44		434	435	734	
    45		435	436	695	
    46		436	437	692	
    47		437	438	700	
    48		438	439	691	
    49		439	440	684	
    50		440	441	682	
    51		441	442	680	
    52		442	443	677	
    53		443	444	676	
    54		444	445	675	
    55		445	446	668	
    56		446	447	667	
    57		447	448	638	
    58		448	449	632	
    59		449	450	636	
    60		450	451	635	
    61		451	452	630	
    62		452	453	627	
    63		453	454	626	
    64		454	455	146	
    65		455	456	145	
    66		456	457	117	
    67		457	458	502	
    68		458	459	501	
    69		459	460	495	
    70		460	461	493	
    71		461	462	492	
    72		462	463	491	
    73		463	464	27	
    74		464	465	461	
    75		465	466	459	
    76		466	467	456	
    77		467	468	451	
    78		468	469	450	
    79		469	470	446	
    80		470	471	425	
    81		471	472	438	
    82		472	473	99	
    83		473	474	92	
    84		474	475	95	
    85		475	476	395	
    86		476	477	394	
    87		477	478	84	
    88		478	479	392	
    89		479	480	78	
    90		480	481	382	
    91		481	482	380	
    92		482	483	379	
    93		483	484	378	
    94		484	485	375	
    95		485	486	230	
    96		486	487	56	
    97		487	488	226	
    98		488	489	223	
    99		489	490	69	
    100		490	491	254	
    101		491	492	257	
    102		492	493	240	
    103		493	494	202	
    104		494	495	265	
    105		495	496	270	
    106		496	497	280	
    107		497	498	274	
    108		498	499	206	
    109		499	500	204	
    110		500	501	853	
    111		501	502	863	
    112		502	503	864	
    113		503	504	209	
    114		504	505	866	
    115		505	506	868	
    116		506	507	905	
    117		507	508	906	
    118		508	509	885	
    119		509	510	900	
    120		510	511	897	
    121		511	512	896	
    122		512	513	758	
    123		513	514	751	
    124		514	515	752	
    125		515	516	747	
    126		516	517	745	
    127		517	518	746	
    128		518	433	738	
  END_BOUNDARIES
  MATERIALS
     2     2
     2     2
     3     2
     4     2
     5     2
     6     2
     7     2
     8     2
     9     2
     10     2
     11     2
     12     2
     13     2
     14     2
     15     2
     16     2
     17     2
     18     2
     19     2
     20     2
     21     2
     22     2
     23     2
     24     2
     25     2
     26     2
     27     2
     28     2
     29     2
     30     2
     31     2
     32     2
     33     2
     34     2
     35     2
     36     2
     37     2
     38     2
     39     2
     40     2
     41     2
     42     2
     43     2
     44     2
     45     2
     46     2
     47     2
     48     2
     49     2
     50     2
     51     2
     52     2
     53     2
     54     2
     55     2
     56     2
     57     2
     58     2
     59     2
     60     2
     61     2
     62     2
     63     2
     64     2
     65     2
     66     2
     67     2
     68     2
     69     2
     70     2
     71     2
     72     2
     73     2
     74     2
     75     2
     76     2
     77     2
     78     2
     79     2
     80     2
     81     2
     82     2
     83     2
     84     2
     85     2
     86     2
     87     2
     88     2
     89     2
     90     2
     91     2
     92     2
     93     2
     94     2
     95     2
     96     2
     97     2
     98     2
     99     2
     100     2
     101     2
     102     2
     103     2
     104     2
     105     2
     106     2
     107     2
     108     2
     109     2
     110     2
     111     2
     112     2
     113     2
     114     2
     115     2
     116     2
     117     2
     118     2
     119     2
     120     2
     121     2
     122     2
     123     2
     124     2
     125     2
     126     2
     127     2
     128     2
     129     2
     130     2
     131     2
     132     2
     133     2
     134     2
     135     2
     136     2
     137     2
     138     2
     139     2
     140     2
     141     2
     142     2
     143     2
     144     2
     145     2
     146     2
     147     2
     148     2
     149     2
     150     2
     151     2
     152     2
     153     2
     154     2
     155     2
     156     2
     157     2
     158     2
     159     2
     160     2
     161     2
     162     2
     163     2
     164     2
     165     2
     166     2
     167     2
     168     2
     169     2
     170     2
     171     2
     172     2
     173     2
     174     2
     175     2
     176     2
     177     2
     178     2
     179     2
     180     2
     181     2
     182     2
     183     2
     184     2
     185     2
     186     2
     187     2
     188     2
     189     2
     190     2
     191     2
     192     2
     193     2
     194     2
     195     2
     196     2
     197     2
     198     2
     199     2
     200     2
     201     2
     202     2
     203     2
     204     2
     205     2
     206     2
     207     2
     208     2
     209     2
     210     2
     211     2
     212     2
     213     2
     214     2
     215     2
     216     2
     217     2
     218     2
     219     2
     220     2
     221     2
     222     2
     223     2
     224     2
     225     2
     226     2
     227     2
     228     2
     229     2
     230     2
     231     2
     232     2
     233     2
     234     2
     235     2
     236     2
     237     2
     238     2
     239     2
     240     2
     241     2
     242     2
     243     2
     244     2
     245     2
     246     2
     247     2
     248     2
     249     2
     250     2
     251     2
     252     2
     253     2
     254     2
     255     2
     256     2
     257     2
     258     2
     259     2
     260     2
     261     2
     262     2
     263     2
     264     2
     265     2
     266     2
     267     2
     268     2
     269     2
     270     2
     271     2
     272     2
     273     2
     274     2
     275     2
     276     2
     277     2
     278     2
     279     2
     280     2
     281     2
     282     2
     283     2
     284     2
     285     2
     286     2
     287     2
     288     2
     289     2
     290     2
     291     2
     292     2
     293     2
     294     2
     295     2
     296     2
     297     2
     298     2
     299     2
     300     2
     301     2
     302     2
     303     2
     304     2
     305     2
     306     2
     307     2
     308     2
     309     2
     310     2
     311     2
     312     2
     313     2
     314     2
     315     2
     316     2
     317     2
     318     2
     319     2
     320     2
     321     2
     322     2
     323     2
     324     2
     325     2
     326     2
     327     2
     328     2
     329     2
     330     2
     331     2
     332     2
     333     2
     334     2
     335     2
     336     2
     337     2
     338     2
     339     2
     340     2
     341     2
     342     2
     343     2
     344     2
     345     2
     346     2
     347     2
     348     2
     349     2
     350     2
     351     2
     352     2
     353     2
     354     2
     355     2
     356     2
     357     2
     358     2
     359     2
     360     2
     361     2
     362     2
     363     2
     364     2
     365     2
     366     2
     367     2
     368     2
     369     2
     370     2
     371     2
     372     2
     373     2
     374     2
     375     2
     376     2
     377     2
     378     2
     379     2
     380     2
     381     2
     382     2
     383     2
     384     2
     385     2
     386     2
     387     2
     388     2
     389     2
     390     2
     391     2
     392     2
     393     2
     394     2
     395     2
     396     2
     397     2
     398     2
     399     2
     400     2
     401     2
     402     2
     403     2
     404     2
     405     2
     406     2
     407     2
     408     2
     409     2
     410     2
     411     2
     412     2
     413     2
     414     2
     415     2
     416     2
     417     2
     418     2
     419     2
     420     2
     421     2
     422     2
     423     2
     424     2
     425     2
     426     2
     427     2
     428     2
     429     2
     430     2
     431     2
     432     2
     433     2
     434     2
     435     2
     436     2
     437     2
     438     2
     439     2
     440     2
     441     2
     442     2
     443     2
     444     2
     445     2
     446     2
     447     2
     448     2
     449     2
     450     2
     451     2
     452     2
     453     2
     454     2
     455     2
     456     2
     457     2
     458     2
     459     2
     460     2
     461     2
     462     2
     463     2
     464     2
     465     2
     466     2
     467     2
     468     2
     469     2
     470     2
     471     2
     472     2
     473     2
     474     2
     475     2
     476     2
     477     2
     478     2
     479     2
     480     2
     481     2
     482     2
     483     2
     484     2
     485     2
     486     2
     487     2
     488     2
     489     2
     490     2
     491     2
     492     2
     493     2
     494     2
     495     2
     496     2
     497     2
     498     2
     499     2
     500     2
     501     2
     502     2
     503     2
     504     2
     505     2
     506     2
     507     2
     508     2
     509     2
     510     2
     511     2
     512     2
     513     2
     514     2
     515     2
     516     2
     517     2
     518     2
     519     2
     520     2
     521     2
     522     2
     523     2
     524     2
     525     2
     526     2
     527     2
     528     2
     529     2
     530     2
     531     2
     532     2
     533     2
     534     2
     535     2
     536     2
     537     2
     538     2
     539     2
     540     2
     541     2
     542     2
     543     2
     544     2
     545     2
     546     2
     547     2
     548     2
     549     2
     550     2
     551     2
     552     2
     553     2
     554     2
     555     2
     556     2
     557     2
     558     2
     559     2
     560     2
     561     2
     562     2
     563     2
     564     2
     565     2
     566     2
     567     2
     568     2
     569     2
     570     2
     571     2
     572     2
     573     2
     574     2
     575     2
     576     2
     577     2
     578     2
     579     2
     580     2
     581     2
     582     2
     583     2
     584     2
     585     2
     586     2
     587     2
     588     2
     589     2
     590     2
     591     2
     592     2
     593     2
     594     2
     595     2
     596     2
     597     2
     598     2
     599     2
     600     2
     601     2
     602     2
     603     2
     604     2
     605     2
     606     2
     607     2
     608     2
     609     2
     610     2
     611     2
     612     2
     613     2
     614     2
     615     2
     616     2
     617     2
     618     2
     619     2
     620     2
     621     2
     622     2
     623     2
     624     2
     625     2
     626     2
     627     2
     628     2
     629     2
     630     2
     631     2
     632     2
     633     2
     634     2
     635     2
     636     2
     637     2
     638     2
     639     2
     640     2
     641     2
     642     2
     643     2
     644     2
     645     2
     646     2
     647     2
     648     2
     649     2
     650     2
     651     2
     652     2
     653     2
     654     2
     655     2
     656     2
     657     2
     658     2
     659     2
     660     2
     661     2
     662     2
     663     2
     664     2
     665     2
     666     2
     667     2
     668     2
     669     2
     670     2
     671     2
     672     2
     673     2
     674     2
     675     2
     676     2
     677     2
     678     2
     679     2
     680     2
     681     2
     682     2
     683     2
     684     2
     685     2
     686     2
     687     2
     688     2
     689     2
     690     2
     691     2
     692     2
     693     2
     694     2
     695     2
     696     2
     697     2
     698     2
     699     2
     700     2
     701     2
     702     2
     703     2
     704     2
     705     2
     706     2
     707     2
     708     2
     709     2
     710     2
     711     2
     712     2
     713     2
     714     2
     715     2
     716     2
     717     2
     718     2
     719     2
     720     2
     721     2
     722     2
     723     2
     724     2
     725     2
     726     2
     727     2
     728     2
     729     2
     730     2
     731     2
     732     2
     733     2
     734     2
     735     2
     736     2
     737     2
     738     2
     739     2
     740     2
     741     2
     742     2
     743     2
     744     2
     745     2
     746     2
     747     2
     748     2
     749     2
     750     2
     751     2
     752     2
     753     2
     754     2
     755     2
     756     2
     757     2
     758     2
     759     2
     760     2
     761     2
     762     2
     763     2
     764     2
     765     2
     766     2
     767     2
     768     2
     769     2
     770     2
     771     2
     772     2
     773     2
     774     2
     775     2
     776     2
     777     2
     778     2
     779     2
     780     2
     781     2
     782     2
     783     2
     784     2
     785     2
     786     2
     787     2
     788     2
     789     2
     790     2
     791     2
     792     2
     793     2
     794     2
     795     2
     796     2
     797     2
     798     2
     799     2
     800     2
     801     2
     802     2
     803     2
     804     2
     805     2
     806     2
     807     2
     808     2
     809     2
     810     2
     811     2
     812     2
     813     2
     814     2
     815     2
     816     2
     817     2
     818     2
     819     2
     820     2
     821     2
     822     2
     823     2
     824     2
     825     2
     826     2
     827     2
     828     2
     829     2
     830     2
     831     2
     832     2
     833     2
     834     2
     835     2
     836     2
     837     2
     838     2
     839     2
     840     2
     841     2
     842     2
     843     2
     844     2
     845     2
     846     2
     847     2
     848     2
     849     2
     850     2
     851     2
     852     2
     853     2
     854     2
     855     2
     856     2
     857     2
     858     2
     859     2
     860     2
     861     2
     862     2
     863     2
     864     2
     865     2
     866     2
     867     2
     868     2
     869     2
     870     2
     871     2
     872     2
     873     2
     874     2
     875     2
     876     2
     877     2
     878     2
     879     2
     880     2
     881     2
     882     2
     883     2
     884     2
     885     2
     886     2
     887     2
     888     2
     889     2
     890     2
     891     2
     892     2
     893     2
     894     2
     895     2
     896     2
     897     2
     898     2
     899     2
     900     2
     901     2
     902     2
     903     2
     904     2
     905     2
     906     2
     907     2
     908     2
  END_MATERIALS 
  SUBDOMAINS
  END_SUBDOMAINS
  CHARACTERISTICS
  END_CHARACTERISTICS
