  ON_BOUNDARIES, UNKNOWN
 1  2  1 2  1	
 2  2  2 9  1	
 3  2  3 1  1	
 4  2  9 18  1	
 5  2  10 3  1	
 6  2  18 29  1	
 7  2  19 10  1	
 8  2  29 41  1	
 9  2  30 19  1	
 10  2  41 56  1	
 11  2  44 30  1	
 12  2  56 76  1	
 13  2  61 44  1	
 14  2  76 95  1	
 15  2  80 61  1	
 16  2  95 115  1	
 17  2  102 80  1	
 18  2  115 136  1	
 19  2  126 102  1	
 20  2  136 165  1	
 21  2  157 126  1	
 22  2  165 215  1	
 23  2  171 174  2	
 24  2  174 176  2	
 25  2  175 171  2	
 26  2  176 182  2	
 27  2  178 175  2	
 28  2  182 188  2	
 29  2  185 178  2	
 30  2  188 200  2	
 31  2  190 185  2	
 32  2  200 214  2	
 33  2  206 190  2	
 34  2  209 157  1	
 35  2  214 227  2	
 36  2  215 272  1	
 37  2  217 206  2	
 38  2  227 249  2	
 39  2  239 217  2	
 40  2  249 268  2	
 41  2  259 239  2	
 42  2  268 296  2	
 43  2  272 338  1	
 44  2  275 209  1	
 45  2  279 259  2	
 46  2  296 325  2	
 47  2  305 279  2	
 48  2  325 354  2	
 49  2  336 305  2	
 50  2  338 416  1	
 51  2  350 275  1	
 52  2  354 390  2	
 53  2  371 336  2	
 54  2  390 425  2	
 55  2  406 371  2	
 56  2  416 490  1	
 57  2  425 466  2	
 58  2  436 350  1	
 59  2  446 406  2	
 60  2  466 507  2	
 61  2  485 446  2	
 62  2  490 571  1	
 63  2  507 553  2	
 64  2  523 436  1	
 65  2  528 485  2	
 66  2  553 602  2	
 67  2  571 662  1	
 68  2  576 528  2	
 69  2  602 658  2	
 70  2  621 523  1	
 71  2  628 576  2	
 72  2  658 714  2	
 73  2  662 752  1	
 74  2  684 628  2	
 75  2  714 775  2	
 76  2  726 621  1	
 77  2  742 684  2	
 78  2  752 843  1	
 79  2  775 829  2	
 80  2  800 742  2	
 81  2  828 726  1	
 82  2  829 895  2	
 83  2  843 940  1	
 84  2  857 800  2	
 85  2  895 960  2	
 86  2  919 857  2	
 87  2  938 828  1	
 88  2  940 1036  1	
 89  2  960 1025  2	
 90  2  988 919  2	
 91  2  1025 1095  2	
 92  2  1036 1145  1	
 93  2  1053 938  1	
 94  2  1054 988  2	
 95  2  1095 1160  2	
 96  2  1123 1054  2	
 97  2  1145 1248  1	
 98  2  1160 1233  2	
 99  2  1166 1053  1	
 100  2  1198 1123  2	
 101  2  1233 1305  2	
 102  2  1248 1351  1	
 103  2  1265 1198  2	
 104  2  1282 1166  1	
 105  2  1305 1386  2	
 106  2  1338 1265  2	
 107  2  1351 1462  1	
 108  2  1386 1458  2	
 109  2  1399 1282  1	
 110  2  1415 1338  2	
 111  2  1458 1539  2	
 112  2  1462 1573  1	
 113  2  1492 1415  2	
 114  2  1524 1399  1	
 115  2  1539 1614  2	
 116  2  1571 1492  2	
 117  2  1573 1688  1	
 118  2  1614 1696  2	
 119  2  1647 1524  1	
 120  2  1655 1571  2	
 121  2  1688 1792  1	
 122  2  1696 1775  2	
 123  2  1732 1655  2	
 124  2  1766 1647  1	
 125  2  1775 1852  2	
 126  2  1792 1898  1	
 127  2  1815 1732  2	
 128  2  1852 1932  2	
 129  2  1884 1766  1	
 130  2  1888 1815  2	
 131  2  1898 2010  1	
 132  2  1932 2015  2	
 133  2  1970 1888  2	
 134  2  2003 1884  1	
 135  2  2010 2121  1	
 136  2  2015 2096  2	
 137  2  2051 1970  2	
 138  2  2096 2176  2	
 139  2  2121 2227  1	
 140  2  2122 2003  1	
 141  2  2130 2051  2	
 142  2  2176 2261  2	
 143  2  2208 2130  2	
 144  2  2227 2338  1	
 145  2  2244 2122  1	
 146  2  2261 2340  2	
 147  2  2288 2208  2	
 148  2  2338 2437  1	
 149  2  2340 2413  2	
 150  2  2352 2244  1	
 151  2  2372 2288  2	
 152  2  2413 2495  2	
 153  2  2437 2555  1	
 154  2  2450 2372  2	
 155  2  2476 2352  1	
 156  2  2495 2571  2	
 157  2  2535 2450  2	
 158  2  2555 2651  1	
 159  2  2571 2650  2	
 160  2  2579 2476  1	
 161  2  2620 2535  2	
 162  2  2650 2727  2	
 163  2  2651 2762  1	
 164  2  2696 2620  2	
 165  2  2705 2579  1	
 166  2  2727 2806  2	
 167  2  2762 2867  1	
 168  2  2774 2696  2	
 169  2  2803 2705  1	
 170  2  2806 2887  2	
 171  2  2852 2774  2	
 172  2  2867 2964  1	
 173  2  2887 2960  2	
 174  2  2913 2803  1	
 175  2  2923 2852  2	
 176  2  2960 3032  2	
 177  2  2964 3054  1	
 178  2  2993 2923  2	
 179  2  3021 2913  1	
 180  2  3032 3105  2	
 181  2  3054 3157  1	
 182  2  3060 2993  2	
 183  2  3105 3175  2	
 184  2  3117 3021  1	
 185  2  3130 3060  2	
 186  2  3157 3254  1	
 187  2  3175 3242  2	
 188  2  3199 3130  2	
 189  2  3208 3117  1	
 190  2  3242 3309  2	
 191  2  3254 3338  1	
 192  2  3271 3199  2	
 193  2  3309 3368  2	
 194  2  3313 3208  1	
 195  2  3336 3271  2	
 196  2  3338 3428  1	
 197  2  3368 3435  2	
 198  2  3405 3336  2	
 199  2  3407 3313  1	
 200  2  3428 3506  1	
 201  2  3435 3493  2	
 202  2  3462 3405  2	
 203  2  3489 3407  1	
 204  2  3493 3559  2	
 205  2  3506 3597  1	
 206  2  3519 3462  2	
 207  2  3559 3612  2	
 208  2  3577 3489  1	
 209  2  3579 3519  2	
 210  2  3597 3679  1	
 211  2  3612 3667  2	
 212  2  3639 3579  2	
 213  2  3653 3577  1	
 214  2  3667 3726  2	
 215  2  3679 3756  1	
 216  2  3698 3639  2	
 217  2  3726 3775  2	
 218  2  3739 3653  1	
 219  2  3748 3698  2	
 220  2  3756 3830  1	
 221  2  3775 3823  2	
 222  2  3793 3748  2	
 223  2  3809 3739  1	
 224  2  3823 3869  2	
 225  2  3830 3901  1	
 226  2  3843 3793  2	
 227  2  3869 3916  2	
 228  2  3882 3809  1	
 229  2  3890 3843  2	
 230  2  3901 3968  1	
 231  2  3916 3958  2	
 232  2  3934 3890  2	
 233  2  3949 3882  1	
 234  2  3958 4001  2	
 235  2  3968 4033  1	
 236  2  3981 3934  2	
 237  2  4001 4038  2	
 238  2  4014 3981  2	
 239  2  4018 3949  1	
 240  2  4033 4102  1	
 241  2  4038 4074  2	
 242  2  4056 4014  2	
 243  2  4074 4113  2	
 244  2  4082 4018  1	
 245  2  4098 4056  2	
 246  2  4102 4157  1	
 247  2  4113 4145  2	
 248  2  4127 4098  2	
 249  2  4142 4082  1	
 250  2  4145 4178  2	
 251  2  4157 4216  1	
 252  2  4166 4127  2	
 253  2  4178 4205  2	
 254  2  4190 4166  2	
 255  2  4196 4142  1	
 256  2  4205 4240  2	
 257  2  4216 4266  1	
 258  2  4225 4190  2	
 259  2  4240 4262  2	
 260  2  4247 4225  2	
 261  2  4251 4196  1	
 262  2  4262 4288  2	
 263  2  4266 4318  1	
 264  2  4276 4247  2	
 265  2  4288 4308  2	
 266  2  4297 4276  2	
 267  2  4305 4251  1	
 268  2  4308 4334  2	
 269  2  4318 4369  1	
 270  2  4320 4297  2	
 271  2  4334 4354  2	
 272  2  4345 4320  2	
 273  2  4352 4305  1	
 274  2  4354 4371  2	
 275  2  4362 4345  2	
 276  2  4369 4412  1	
 277  2  4371 4391  2	
 278  2  4380 4362  2	
 279  2  4391 4404  2	
 280  2  4397 4380  2	
 281  2  4399 4352  1	
 282  2  4404 4414  2	
 283  2  4408 4397  2	
 284  2  4412 4452  1	
 285  2  4414 4424  2	
 286  2  4418 4408  2	
 287  2  4424 4439  2	
 288  2  4432 4418  2	
 289  2  4438 4399  1	
 290  2  4439 4444  2	
 291  2  4442 4432  2	
 292  2  4444 4453  2	
 293  2  4447 4442  2	
 294  2  4452 4488  1	
 295  2  4453 4461  2	
 296  2  4455 4447  2	
 297  2  4461 4465  2	
 298  2  4463 4455  2	
 299  2  4465 4468  2	
 300  2  4466 4463  2	
 301  2  4468 4472  2	
 302  2  4470 4466  2	
 303  2  4471 4438  1	
 304  2  4472 4475  2	
 305  2  4473 4470  2	
 306  2  4475 4477  2	
 307  2  4476 4473  2	
 308  2  4477 4476  2	
 309  2  4488 4518  1	
 310  2  4500 4471  1	
 311  2  4518 4539  1	
 312  2  4529 4500  1	
 313  2  4539 4561  1	
 314  2  4547 4529  1	
 315  2  4561 4582  1	
 316  2  4571 4547  1	
 317  2  4582 4604  1	
 318  2  4586 4571  1	
 319  2  4594 4618  6	
 320  2  4604 4626  1	
 321  2  4608 4586  1	
 322  2  4610 4594  6	
 323  2  4618 4651  6	
 324  2  4622 4610  6	
 325  2  4625 4608  1	
 326  2  4626 4646  1	
 327  2  4638 4622  6	
 328  2  4643 4625  1	
 329  2  4646 4667  1	
 330  2  4651 4688  6	
 331  2  4654 4638  6	
 332  2  4661 4643  1	
 333  2  4667 4693  1	
 334  2  4672 4654  6	
 335  2  4680 4661  1	
 336  2  4688 4722  6	
 337  2  4693 4710  1	
 338  2  4694 4672  6	
 339  2  4700 4680  1	
 340  2  4706 4694  6	
 341  2  4710 4733  1	
 342  2  4718 4700  1	
 343  2  4720 4706  6	
 344  2  4722 4760  6	
 345  2  4732 4750  6	
 346  2  4733 4752  1	
 347  2  4739 4720  6	
 348  2  4740 4718  1	
 349  2  4750 4766  6	
 350  2  4752 4775  1	
 351  2  4753 4739  6	
 352  2  4757 4740  1	
 353  2  4760 4798  6	
 354  2  4766 4784  6	
 355  2  4769 4753  6	
 356  2  4770 4732  6	
 357  2  4775 4794  1	
 358  2  4776 4757  1	
 359  2  4781 4769  6	
 360  2  4784 4802  6	
 361  2  4790 4776  1	
 362  2  4794 4818  1	
 363  2  4798 4837  6	
 364  2  4799 4781  6	
 365  2  4802 4826  6	
 366  2  4811 4770  6	
 367  2  4812 4790  1	
 368  2  4816 4799  6	
 369  2  4818 4837  1	
 370  2  4826 4846  6	
 371  2  4828 4816  6	
 372  2  4830 4812  1	
 373  2  4837 4858  8	
 374  2  4843 4828  6	
 375  2  4846 4861  6	
 376  2  4848 4830  1	
 377  2  4853 4811  6	
 378  2  4856 4843  6	
 379  2  4858 4878  8	
 380  2  4861 4879  6	
 381  2  4866 4848  1	
 382  2  4870 4856  6	
 383  2  4878 4901  8	
 384  2  4879 4899  6	
 385  2  4880 4866  1	
 386  2  4882 4870  6	
 387  2  4895 4882  6	
 388  2  4897 4880  1	
 389  2  4899 4916  6	
 390  2  4901 4853  6	
 391  2  4901 4923  1	
 392  2  4907 4895  6	
 393  2  4915 4897  1	
 394  2  4916 4933  6	
 395  2  4920 4907  6	
 396  2  4923 4942  1	
 397  2  4931 4920  6	
 398  2  4932 4915  1	
 399  2  4933 4954  6	
 400  2  4939 4931  6	
 401  2  4942 4971  1	
 402  2  4947 4932  1	
 403  2  4953 4939  6	
 404  2  4954 4977  6	
 405  2  4963 4953  6	
 406  2  4970 4947  1	
 407  2  4971 5001  1	
 408  2  4977 4999  6	
 409  2  4979 4963  6	
 410  2  4989 4979  6	
 411  2  4992 4970  1	
 412  2  4999 5018  6	
 413  2  5001 5023  1	
 414  2  5002 4989  6	
 415  2  5004 5002  6	
 416  2  5007 4992  1	
 417  2  5014 5020  6	
 418  2  5015 5004  6	
 419  2  5018 5035  6	
 420  2  5020 5026  6	
 421  2  5021 5015  6	
 422  2  5023 5051  1	
 423  2  5025 5007  1	
 424  2  5026 5031  6	
 425  2  5027 5021  6	
 426  2  5031 5036  6	
 427  2  5032 5027  6	
 428  2  5035 5057  6	
 429  2  5036 5039  6	
 430  2  5037 5032  6	
 431  2  5039 5043  6	
 432  2  5040 5037  6	
 433  2  5043 5046  6	
 434  2  5044 5040  6	
 435  2  5045 5025  1	
 436  2  5046 5048  6	
 437  2  5047 5044  6	
 438  2  5048 5050  6	
 439  2  5049 5047  6	
 440  2  5050 5049  6	
 441  2  5051 5072  1	
 442  2  5057 5068  6	
 443  2  5064 5045  1	
 444  2  5068 5083  6	
 445  2  5071 5014  6	
 446  2  5072 5094  1	
 447  2  5078 5064  1	
 448  2  5083 5100  6	
 449  2  5090 5078  1	
 450  2  5094 5117  1	
 451  2  5100 5113  6	
 452  2  5107 5090  1	
 453  2  5113 5129  6	
 454  2  5117 5138  1	
 455  2  5119 5071  6	
 456  2  5123 5107  1	
 457  2  5129 5143  6	
 458  2  5136 5123  1	
 459  2  5138 5170  1	
 460  2  5143 5157  6	
 461  2  5154 5136  1	
 462  2  5157 5174  6	
 463  2  5168 5119  6	
 464  2  5170 5197  1	
 465  2  5174 5181  6	
 466  2  5175 5154  1	
 467  2  5181 5195  6	
 468  2  5189 5175  1	
 469  2  5195 5204  6	
 470  2  5197 5231  1	
 471  2  5204 5214  6	
 472  2  5206 5189  1	
 473  2  5214 5228  6	
 474  2  5215 5168  6	
 475  2  5228 5248  6	
 476  2  5231 5277  1	
 477  2  5233 5206  1	
 478  2  5248 5255  6	
 479  2  5255 5261  6	
 480  2  5258 5233  1	
 481  2  5261 5270  6	
 482  2  5263 5274  5	
 483  2  5266 5263  6	
 484  2  5267 5266  6	
 485  2  5269 5267  6	
 486  2  5270 5275  6	
 487  2  5272 5269  6	
 488  2  5273 5272  6	
 489  2  5274 5291  5	
 490  2  5275 5282  6	
 491  2  5276 5273  6	
 492  2  5277 5332  1	
 493  2  5279 5276  6	
 494  2  5281 5279  6	
 495  2  5282 5288  6	
 496  2  5285 5281  6	
 497  2  5286 5258  1	
 498  2  5287 5285  6	
 499  2  5288 5295  6	
 500  2  5289 5215  6	
 501  2  5291 5316  5	
 502  2  5292 5287  6	
 503  2  5293 5263  3	
 504  2  5294 5292  6	
 505  2  5295 5299  6	
 506  2  5297 5294  6	
 507  2  5299 5303  6	
 508  2  5300 5297  6	
 509  2  5301 5300  6	
 510  2  5303 5306  6	
 511  2  5304 5301  6	
 512  2  5306 5308  6	
 513  2  5307 5304  6	
 514  2  5308 5310  6	
 515  2  5309 5307  6	
 516  2  5310 5313  6	
 517  2  5311 5309  6	
 518  2  5313 5311  6	
 519  2  5316 5326  5	
 520  2  5322 5286  1	
 521  2  5326 5341  5	
 522  2  5328 5293  3	
 523  2  5332 5378  1	
 524  2  5341 5352  5	
 525  2  5345 5322  1	
 526  2  5352 5367  5	
 527  2  5354 5328  3	
 528  2  5355 5289  6	
 529  2  5367 5386  5	
 530  2  5373 5345  1	
 531  2  5378 5431  1	
 532  2  5386 5409  5	
 533  2  5391 5354  3	
 534  2  5404 5373  1	
 535  2  5409 5423  5	
 536  2  5418 5355  6	
 537  2  5423 5436  5	
 538  2  5426 5391  3	
 539  2  5428 5404  1	
 540  2  5431 5471  1	
 541  2  5436 5449  5	
 542  2  5447 5428  1	
 543  2  5449 5466  5	
 544  2  5452 5426  3	
 545  2  5459 5418  6	
 546  2  5466 5481  5	
 547  2  5471 5510  1	
 548  2  5474 5447  1	
 549  2  5481 5496  5	
 550  2  5486 5452  3	
 551  2  5495 5474  1	
 552  2  5496 5459  6	
 553  2  5496 5526  3	
 554  2  5510 5559  1	
 555  2  5513 5495  1	
 556  2  5515 5486  3	
 557  2  5526 5562  3	
 558  2  5542 5513  1	
 559  2  5553 5515  3	
 560  2  5559 5603  1	
 561  2  5561 5542  1	
 562  2  5562 5595  3	
 563  2  5582 5561  1	
 564  2  5588 5553  3	
 565  2  5595 5626  3	
 566  2  5603 5644  1	
 567  2  5604 5582  1	
 568  2  5620 5604  1	
 569  2  5622 5588  3	
 570  2  5626 5656  3	
 571  2  5643 5620  1	
 572  2  5644 5681  1	
 573  2  5654 5622  3	
 574  2  5655 5643  1	
 575  2  5656 5688  3	
 576  2  5674 5655  1	
 577  2  5681 5718  1	
 578  2  5688 5721  3	
 579  2  5692 5654  3	
 580  2  5693 5674  1	
 581  2  5708 5693  1	
 582  2  5718 5754  1	
 583  2  5721 5757  3	
 584  2  5724 5708  1	
 585  2  5729 5692  3	
 586  2  5743 5724  1	
 587  2  5754 5788  1	
 588  2  5756 5743  1	
 589  2  5757 5790  3	
 590  2  5765 5729  3	
 591  2  5775 5756  1	
 592  2  5787 5775  1	
 593  2  5788 5821  1	
 594  2  5790 5828  3	
 595  2  5801 5787  1	
 596  2  5804 5765  3	
 597  2  5812 5801  1	
 598  2  5821 5851  1	
 599  2  5824 5812  1	
 600  2  5828 5864  3	
 601  2  5840 5824  1	
 602  2  5842 5804  3	
 603  2  5851 5878  1	
 604  2  5852 5840  1	
 605  2  5862 5852  1	
 606  2  5864 5899  3	
 607  2  5874 5862  1	
 608  2  5877 5842  3	
 609  2  5878 5904  1	
 610  2  5889 5874  1	
 611  2  5893 5889  1	
 612  2  5899 5937  3	
 613  2  5904 5928  1	
 614  2  5908 5893  1	
 615  2  5919 5908  1	
 616  2  5922 5877  3	
 617  2  5926 5919  1	
 618  2  5928 5953  1	
 619  2  5936 5926  1	
 620  2  5937 5978  3	
 621  2  5946 5936  1	
 622  2  5953 5970  1	
 623  2  5956 5946  1	
 624  2  5960 5922  3	
 625  2  5965 5956  1	
 626  2  5970 5993  1	
 627  2  5971 5965  1	
 628  2  5978 6018  3	
 629  2  5980 5971  1	
 630  2  5988 5980  1	
 631  2  5993 6008  1	
 632  2  5997 5988  1	
 633  2  6002 5960  3	
 634  2  6003 5997  1	
 635  2  6008 6028  1	
 636  2  6010 6003  1	
 637  2  6016 6010  1	
 638  2  6018 6062  3	
 639  2  6024 6016  1	
 640  2  6028 6045  1	
 641  2  6033 6024  1	
 642  2  6039 6033  1	
 643  2  6045 6056  1	
 644  2  6046 6039  1	
 645  2  6049 6002  3	
 646  2  6051 6046  1	
 647  2  6054 6051  1	
 648  2  6056 6068  1	
 649  2  6058 6054  1	
 650  2  6062 6107  3	
 651  2  6063 6058  1	
 652  2  6068 6083  1	
 653  2  6070 6063  1	
 654  2  6073 6070  1	
 655  2  6079 6073  1	
 656  2  6083 6094  1	
 657  2  6085 6079  1	
 658  2  6091 6085  1	
 659  2  6094 6102  1	
 660  2  6095 6091  1	
 661  2  6097 6095  1	
 662  2  6098 6049  3	
 663  2  6101 6097  1	
 664  2  6102 6108  1	
 665  2  6103 6101  1	
 666  2  6105 6103  1	
 667  2  6107 6105  1	
 668  2  6108 6111  1	
 669  2  6111 6115  1	
 670  2  6115 6120  1	
 671  2  6120 6123  1	
 672  2  6123 6124  1	
 673  2  6124 6126  1	
 674  2  6126 6128  1	
 675  2  6128 6131  1	
 676  2  6129 6098  3	
 677  2  6129 6152  7	
 678  2  6130 6129  1	
 679  2  6131 6133  1	
 680  2  6132 6130  1	
 681  2  6133 6136  1	
 682  2  6134 6132  1	
 683  2  6135 6134  1	
 684  2  6136 6138  1	
 685  2  6137 6135  1	
 686  2  6138 6142  1	
 687  2  6139 6137  1	
 688  2  6141 6139  1	
 689  2  6142 6144  1	
 690  2  6143 6141  1	
 691  2  6144 6146  1	
 692  2  6145 6143  1	
 693  2  6146 6145  1	
 694  2  6147 6107  7	
 695  2  6152 6160  7	
 696  2  6160 6165  7	
 697  2  6163 6147  7	
 698  2  6165 6173  7	
 699  2  6173 6178  7	
 700  2  6176 6163  7	
 701  2  6178 6186  7	
 702  2  6186 6189  7	
 703  2  6187 6176  7	
 704  2  6189 6194  7	
 705  2  6194 6197  7	
 706  2  6196 6187  7	
 707  2  6197 6201  7	
 708  2  6201 6204  7	
 709  2  6203 6196  7	
 710  2  6204 6207  7	
 711  2  6207 6209  7	
 712  2  6208 6203  7	
 713  2  6209 6210  7	
 714  2  6210 6211  7	
 715  2  6211 6208  7	
  END_ON_BOUNDARIES
