  ELEMENTS
   1 1
   2 1
   3 1
   4 1
   5 1
   6 1
   7 1
   8 1
   9 1
   10 1
   11 1
   12 1
   13 1
   14 1
   15 1
   16 1
   17 1
   18 1
   19 1
   20 1
   21 1
   22 1
   23 1
   24 1
   25 1
   26 1
   27 1
   28 1
   29 1
   30 1
   31 1
   32 1
   33 1
   34 1
   35 1
   36 1
   37 1
   38 1
   39 1
   40 1
   41 1
   42 1
   43 1
   44 1
   45 1
   46 1
   47 1
   48 1
   49 1
   50 1
   51 1
   52 1
   53 1
   54 1
   55 1
   56 1
   57 1
   58 1
   59 1
   60 1
   61 1
   62 1
   63 1
   64 1
   65 1
   66 1
   67 1
   68 1
   69 1
   70 1
   71 1
   72 1
   73 1
   74 1
   75 1
   76 1
   77 1
   78 1
   79 1
   80 1
   81 1
   82 1
   83 1
   84 1
   85 1
   86 1
   87 1
   88 1
   89 1
   90 1
   91 1
   92 1
   93 1
   94 1
   95 1
   96 1
   97 1
   98 1
   99 1
   100 1
   101 1
   102 1
   103 1
   104 1
   105 1
   106 1
   107 1
   108 1
   109 1
   110 1
   111 1
   112 1
   113 1
   114 1
   115 1
   116 1
   117 1
   118 1
   119 1
   120 1
   121 1
   122 1
   123 1
   124 1
   125 1
   126 1
   127 1
   128 1
   129 1
   130 1
   131 1
   132 1
   133 1
   134 1
   135 1
   136 1
   137 1
   138 1
   139 1
   140 1
   141 1
   142 1
   143 1
   144 1
   145 1
   146 1
   147 1
   148 1
   149 1
   150 1
   151 1
   152 1
   153 1
   154 1
   155 1
   156 1
   157 1
   158 1
   159 1
   160 1
   161 1
   162 1
   163 1
   164 1
   165 1
   166 1
   167 1
   168 1
   169 1
   170 1
   171 1
   172 1
   173 1
   174 1
   175 1
   176 1
   177 1
   178 1
   179 1
   180 1
   181 1
   182 1
   183 1
   184 1
   185 1
   186 1
   187 1
   188 1
   189 1
   190 1
   191 1
   192 1
   193 1
   194 1
   195 1
   196 1
   197 1
   198 1
   199 1
   200 1
   201 1
   202 1
   203 1
   204 1
   205 1
   206 1
   207 1
   208 1
   209 1
   210 1
   211 1
   212 1
   213 1
   214 1
   215 1
   216 1
   217 1
   218 1
   219 1
   220 1
   221 1
   222 1
   223 1
   224 1
   225 1
   226 1
   227 1
   228 1
   229 1
   230 1
   231 1
   232 1
   233 1
   234 1
   235 1
   236 1
   237 1
   238 1
   239 1
   240 1
   241 1
   242 1
   243 1
   244 1
   245 1
   246 1
   247 1
   248 1
   249 1
   250 1
   251 1
   252 1
   253 1
   254 1
   255 1
   256 1
   257 1
   258 1
   259 1
   260 1
   261 1
   262 1
   263 1
   264 1
   265 1
   266 1
   267 1
   268 1
   269 1
   270 1
   271 1
   272 1
   273 1
   274 1
   275 1
   276 1
   277 1
   278 1
   279 1
   280 1
   281 1
   282 1
   283 1
   284 1
   285 1
   286 1
   287 1
   288 1
   289 1
   290 1
   291 1
   292 1
   293 1
   294 1
   295 1
   296 1
   297 1
   298 1
   299 1
   300 1
   301 1
   302 1
   303 1
   304 1
   305 1
   306 1
   307 1
   308 1
   309 1
   310 1
   311 1
   312 1
   313 1
   314 1
   315 1
   316 1
   317 1
   318 1
   319 1
   320 1
   321 1
   322 1
   323 1
   324 1
   325 1
   326 1
   327 1
   328 1
   329 1
   330 1
   331 1
   332 1
   333 1
   334 1
   335 1
   336 1
   337 1
   338 1
   339 1
   340 1
   341 1
   342 1
   343 1
   344 1
   345 1
   346 1
   347 1
   348 1
   349 1
   350 1
   351 1
   352 1
   353 1
   354 1
   355 1
   356 1
   357 1
   358 1
   359 1
   360 1
   361 1
   362 1
   363 1
   364 1
   365 1
   366 1
   367 1
   368 1
   369 1
   370 1
   371 1
   372 1
   373 1
   374 1
   375 1
   376 1
   377 1
   378 1
   379 1
   380 1
   381 1
   382 1
   383 1
   384 1
   385 1
   386 1
   387 1
   388 1
   389 1
   390 1
   391 1
   392 1
   393 1
   394 1
   395 1
   396 1
   397 1
   398 1
   399 1
   400 1
   401 1
   402 1
   403 1
   404 1
   405 1
   406 1
   407 1
   408 1
   409 1
   410 1
   411 1
   412 1
   413 1
   414 1
   415 1
   416 1
   417 1
   418 1
   419 1
   420 1
   421 1
   422 1
   423 1
   424 1
   425 1
   426 1
   427 1
   428 1
   429 1
   430 1
   431 1
   432 1
   433 1
   434 1
   435 1
   436 1
   437 1
   438 1
   439 1
   440 1
   441 1
   442 1
   443 1
   444 1
   445 1
   446 1
   447 1
   448 1
   449 1
   450 1
   451 1
   452 1
   453 1
   454 1
   455 1
   456 1
   457 1
   458 1
   459 1
   460 1
   461 1
   462 1
   463 1
   464 1
   465 1
   466 1
   467 1
   468 1
   469 1
   470 1
   471 1
   472 1
   473 1
   474 1
   475 1
   476 1
   477 1
   478 1
   479 1
   480 1
   481 1
   482 1
   483 1
   484 1
   485 1
   486 1
   487 1
   488 1
   489 1
   490 1
   491 1
   492 1
   493 1
   494 1
   495 1
   496 1
   497 1
   498 1
   499 1
   500 1
   501 1
   502 1
   503 1
   504 1
   505 1
   506 1
   507 1
   508 1
   509 1
   510 1
   511 1
   512 1
   513 1
   514 1
   515 1
   516 1
   517 1
   518 1
   519 1
   520 1
   521 1
   522 1
   523 1
   524 1
   525 1
   526 1
   527 1
   528 1
   529 1
   530 1
   531 1
   532 1
   533 1
   534 1
   535 1
   536 1
   537 1
   538 1
   539 1
   540 1
   541 1
   542 1
   543 1
   544 1
   545 1
   546 1
   547 1
   548 1
   549 1
   550 1
   551 1
   552 1
   553 1
   554 1
   555 1
   556 1
   557 1
   558 1
   559 1
   560 1
   561 1
   562 1
   563 1
   564 1
   565 1
   566 1
   567 1
   568 1
   569 1
   570 1
   571 1
   572 1
   573 1
   574 1
   575 1
   576 1
   577 1
   578 1
   579 1
   580 1
   581 1
   582 1
   583 1
   584 1
   585 1
   586 1
   587 1
   588 1
   589 1
   590 1
   591 1
   592 1
   593 1
   594 1
   595 1
   596 1
   597 1
   598 1
   599 1
   600 1
   601 1
   602 1
   603 1
   604 1
   605 1
   606 1
   607 1
   608 1
   609 1
   610 1
   611 1
   612 1
   613 1
   614 1
   615 1
   616 1
   617 1
   618 1
   619 1
   620 1
   621 1
   622 1
   623 1
   624 1
   625 1
   626 1
   627 1
   628 1
   629 1
   630 1
   631 1
   632 1
   633 1
   634 1
   635 1
   636 1
   637 1
   638 1
   639 1
   640 1
   641 1
   642 1
   643 1
   644 1
   645 1
   646 1
   647 1
   648 1
   649 1
   650 1
   651 1
   652 1
   653 1
   654 1
   655 1
   656 1
   657 1
   658 1
   659 1
   660 1
   661 1
   662 1
   663 1
   664 1
   665 1
   666 1
   667 1
   668 1
   669 1
   670 1
   671 1
   672 1
   673 1
   674 1
   675 1
   676 1
   677 1
   678 1
   679 1
   680 1
   681 1
   682 1
   683 1
   684 1
   685 1
   686 1
   687 1
   688 1
   689 1
   690 1
   691 1
   692 1
   693 1
   694 1
   695 1
   696 1
   697 1
   698 1
   699 1
   700 1
   701 1
   702 1
   703 1
   704 1
   705 1
   706 1
   707 1
   708 1
   709 1
   710 1
   711 1
   712 1
   713 1
   714 1
   715 1
   716 1
   717 1
   718 1
   719 1
   720 1
   721 1
   722 1
   723 1
   724 1
   725 1
   726 1
   727 1
   728 1
   729 1
   730 1
   731 1
   732 1
   733 1
   734 1
   735 1
   736 1
   737 1
   738 1
   739 1
   740 1
   741 1
   742 1
   743 1
   744 1
   745 1
   746 1
   747 1
   748 1
   749 1
   750 1
   751 1
   752 1
   753 1
   754 1
   755 1
   756 1
   757 1
   758 1
   759 1
   760 1
   761 1
   762 1
   763 1
   764 1
   765 1
   766 1
   767 1
   768 1
   769 1
   770 1
   771 1
   772 1
   773 1
   774 1
   775 1
   776 1
   777 1
   778 1
   779 1
   780 1
   781 1
   782 1
   783 1
   784 1
   785 1
   786 1
   787 1
   788 1
   789 1
   790 1
   791 1
   792 1
   793 1
   794 1
   795 1
   796 1
   797 1
   798 1
   799 1
   800 1
   801 1
   802 1
   803 1
   804 1
   805 1
   806 1
   807 1
   808 1
   809 1
   810 1
   811 1
   812 1
   813 1
   814 1
   815 1
   816 1
   817 1
   818 1
   819 1
   820 1
   821 1
   822 1
   823 1
   824 1
   825 1
   826 1
   827 1
   828 1
   829 1
   830 1
   831 1
   832 1
   833 1
   834 1
   835 1
   836 1
   837 1
   838 1
   839 1
   840 1
   841 1
   842 1
   843 1
   844 1
   845 1
   846 1
   847 1
   848 1
   849 1
   850 1
   851 1
   852 1
   853 1
   854 1
   855 1
   856 1
   857 1
   858 1
   859 1
   860 1
   861 1
   862 1
   863 1
   864 1
   865 1
   866 1
   867 1
   868 1
   869 1
   870 1
   871 1
   872 1
   873 1
   874 1
   875 1
   876 1
   877 1
   878 1
   879 1
   880 1
   881 1
   882 1
   883 1
   884 1
   885 1
   886 1
   887 1
   888 1
   889 1
   890 1
   891 1
   892 1
   893 1
   894 1
   895 1
   896 1
   897 1
   898 1
   899 1
   900 1
   901 1
   902 1
   903 1
   904 1
   905 1
   906 1
   907 1
   908 1
   909 1
   910 1
   911 1
   912 1
   913 1
   914 1
   915 1
   916 1
   917 1
   918 1
   919 1
   920 1
   921 1
   922 1
   923 1
   924 1
   925 1
   926 1
   927 1
   928 1
   929 1
   930 1
   931 1
   932 1
   933 1
   934 1
   935 1
   936 1
   937 1
   938 1
   939 1
   940 1
   941 1
   942 1
   943 1
   944 1
   945 1
   946 1
   947 1
   948 1
   949 1
   950 1
   951 1
   952 1
   953 1
   954 1
   955 1
   956 1
   957 1
   958 1
   959 1
   960 1
   961 1
   962 1
   963 1
   964 1
   965 1
   966 1
   967 1
   968 1
   969 1
   970 1
   971 1
   972 1
   973 1
   974 1
   975 1
   976 1
   977 1
   978 1
   979 1
   980 1
   981 1
   982 1
   983 1
   984 1
   985 1
   986 1
   987 1
   988 1
   989 1
   990 1
   991 1
   992 1
   993 1
   994 1
   995 1
   996 1
   997 1
   998 1
   999 1
   1000 1
   1001 1
   1002 1
   1003 1
   1004 1
   1005 1
   1006 1
   1007 1
   1008 1
   1009 1
   1010 1
   1011 1
   1012 1
   1013 1
   1014 1
   1015 1
   1016 1
   1017 1
   1018 1
   1019 1
   1020 1
   1021 1
   1022 1
   1023 1
   1024 1
   1025 1
   1026 1
   1027 1
   1028 1
   1029 1
   1030 1
   1031 1
   1032 1
   1033 1
   1034 1
   1035 1
   1036 1
   1037 1
   1038 1
   1039 1
   1040 1
   1041 1
   1042 1
   1043 1
   1044 1
   1045 1
   1046 1
   1047 1
   1048 1
   1049 1
   1050 1
   1051 1
   1052 1
   1053 1
   1054 1
   1055 1
   1056 1
   1057 1
   1058 1
   1059 1
   1060 1
   1061 1
   1062 1
   1063 1
   1064 1
   1065 1
   1066 1
   1067 1
   1068 1
   1069 1
   1070 1
   1071 1
   1072 1
   1073 1
   1074 1
   1075 1
   1076 1
   1077 1
   1078 1
   1079 1
   1080 1
   1081 1
   1082 1
   1083 1
   1084 1
   1085 1
   1086 1
   1087 1
   1088 1
   1089 1
   1090 1
   1091 1
   1092 1
   1093 1
   1094 1
   1095 1
   1096 1
   1097 1
   1098 1
   1099 1
   1100 1
   1101 1
   1102 1
   1103 1
   1104 1
   1105 1
   1106 1
   1107 1
   1108 1
   1109 1
   1110 1
   1111 1
   1112 1
   1113 1
   1114 1
   1115 1
   1116 1
   1117 1
   1118 1
   1119 1
   1120 1
   1121 1
   1122 1
   1123 1
   1124 1
   1125 1
   1126 1
   1127 1
   1128 1
   1129 1
   1130 1
   1131 1
   1132 1
   1133 1
   1134 1
   1135 1
   1136 1
   1137 1
   1138 1
   1139 1
   1140 1
   1141 1
   1142 1
   1143 1
   1144 1
   1145 1
   1146 1
   1147 1
   1148 1
   1149 1
   1150 1
   1151 1
   1152 1
   1153 1
   1154 1
   1155 1
   1156 1
   1157 1
   1158 1
   1159 1
   1160 1
   1161 1
   1162 1
   1163 1
   1164 1
   1165 1
   1166 1
   1167 1
   1168 1
   1169 1
   1170 1
   1171 1
   1172 1
   1173 1
   1174 1
   1175 1
   1176 1
   1177 1
   1178 1
   1179 1
   1180 1
   1181 1
   1182 1
   1183 1
   1184 1
   1185 1
   1186 1
   1187 1
   1188 1
   1189 1
   1190 1
   1191 1
   1192 1
   1193 1
   1194 1
   1195 1
   1196 1
   1197 1
   1198 1
   1199 1
   1200 1
   1201 1
   1202 1
   1203 1
   1204 1
   1205 1
   1206 1
   1207 1
   1208 1
   1209 1
   1210 1
   1211 1
   1212 1
   1213 1
   1214 1
   1215 1
   1216 1
   1217 1
   1218 1
   1219 1
   1220 1
   1221 1
   1222 1
   1223 1
   1224 1
   1225 1
   1226 1
   1227 1
   1228 1
   1229 1
   1230 1
   1231 1
   1232 1
   1233 1
   1234 1
   1235 1
   1236 1
   1237 1
   1238 1
   1239 1
   1240 1
   1241 1
   1242 1
   1243 1
   1244 1
   1245 1
   1246 1
   1247 1
   1248 1
   1249 1
   1250 1
   1251 1
   1252 1
   1253 1
   1254 1
   1255 1
   1256 1
   1257 1
   1258 1
   1259 1
   1260 1
   1261 1
   1262 1
   1263 1
   1264 1
   1265 1
   1266 1
   1267 1
   1268 1
   1269 1
   1270 1
   1271 1
   1272 1
   1273 1
   1274 1
   1275 1
   1276 1
   1277 1
   1278 1
   1279 1
   1280 1
   1281 1
   1282 1
   1283 1
   1284 1
   1285 1
   1286 1
   1287 1
   1288 1
   1289 1
   1290 1
   1291 1
   1292 1
   1293 1
   1294 1
   1295 1
   1296 1
   1297 1
   1298 1
   1299 1
   1300 1
   1301 1
   1302 1
   1303 1
   1304 1
   1305 1
   1306 1
   1307 1
   1308 1
   1309 1
   1310 1
   1311 1
   1312 1
   1313 1
   1314 1
   1315 1
   1316 1
   1317 1
   1318 1
   1319 1
   1320 1
   1321 1
   1322 1
   1323 1
   1324 1
   1325 1
   1326 1
   1327 1
   1328 1
   1329 1
   1330 1
   1331 1
   1332 1
   1333 1
   1334 1
   1335 1
   1336 1
   1337 1
   1338 1
   1339 1
   1340 1
   1341 1
   1342 1
   1343 1
   1344 1
   1345 1
   1346 1
   1347 1
   1348 1
   1349 1
   1350 1
   1351 1
   1352 1
   1353 1
   1354 1
   1355 1
   1356 1
   1357 1
   1358 1
   1359 1
   1360 1
   1361 1
   1362 1
   1363 1
   1364 1
   1365 1
   1366 1
   1367 1
   1368 1
   1369 1
   1370 1
   1371 1
   1372 1
   1373 1
   1374 1
   1375 1
   1376 1
   1377 1
   1378 1
   1379 1
   1380 1
   1381 1
   1382 1
   1383 1
   1384 1
   1385 1
   1386 1
   1387 1
   1388 1
   1389 1
   1390 1
   1391 1
   1392 1
   1393 1
   1394 1
   1395 1
   1396 1
   1397 1
   1398 1
   1399 1
   1400 1
   1401 1
   1402 1
   1403 1
   1404 1
   1405 1
   1406 1
   1407 1
   1408 1
   1409 1
   1410 1
   1411 1
   1412 1
   1413 1
   1414 1
   1415 1
   1416 1
   1417 1
   1418 1
   1419 1
   1420 1
   1421 1
   1422 1
   1423 1
   1424 1
   1425 1
   1426 1
   1427 1
   1428 1
   1429 1
   1430 1
   1431 1
   1432 1
   1433 1
   1434 1
   1435 1
   1436 1
   1437 1
   1438 1
   1439 1
   1440 1
   1441 1
   1442 1
   1443 1
   1444 1
   1445 1
   1446 1
   1447 1
   1448 1
   1449 1
   1450 1
   1451 1
   1452 1
   1453 1
   1454 1
   1455 1
   1456 1
   1457 1
   1458 1
   1459 1
   1460 1
   1461 1
   1462 1
   1463 1
   1464 1
   1465 1
   1466 1
   1467 1
   1468 1
   1469 1
   1470 1
   1471 1
   1472 1
   1473 1
   1474 1
   1475 1
   1476 1
   1477 1
   1478 1
   1479 1
   1480 1
   1481 1
   1482 1
   1483 1
   1484 1
   1485 1
   1486 1
   1487 1
   1488 1
   1489 1
   1490 1
   1491 1
   1492 1
   1493 1
   1494 1
   1495 1
   1496 1
   1497 1
   1498 1
   1499 1
   1500 1
   1501 1
   1502 1
   1503 1
   1504 1
   1505 1
   1506 1
   1507 1
   1508 1
   1509 1
   1510 1
   1511 1
   1512 1
   1513 1
   1514 1
   1515 1
   1516 1
   1517 1
   1518 1
   1519 1
   1520 1
   1521 1
   1522 1
   1523 1
   1524 1
   1525 1
   1526 1
   1527 1
   1528 1
   1529 1
   1530 1
   1531 1
   1532 1
   1533 1
   1534 1
   1535 1
   1536 1
   1537 1
   1538 1
   1539 1
   1540 1
   1541 1
   1542 1
   1543 1
   1544 1
   1545 1
   1546 1
   1547 1
   1548 1
   1549 1
   1550 1
   1551 1
   1552 1
   1553 1
   1554 1
   1555 1
   1556 1
   1557 1
   1558 1
   1559 1
   1560 1
   1561 1
   1562 1
   1563 1
   1564 1
   1565 1
   1566 1
   1567 1
   1568 1
   1569 1
   1570 1
   1571 1
   1572 1
   1573 1
   1574 1
   1575 1
   1576 1
   1577 1
   1578 1
   1579 1
   1580 1
   1581 1
   1582 1
   1583 1
   1584 1
   1585 1
   1586 1
   1587 1
   1588 1
   1589 1
   1590 1
   1591 1
   1592 1
   1593 1
   1594 1
   1595 1
   1596 1
   1597 1
   1598 1
   1599 1
   1600 1
   1601 1
   1602 1
   1603 1
   1604 1
   1605 1
   1606 1
   1607 1
   1608 1
   1609 1
   1610 1
   1611 1
   1612 1
   1613 1
   1614 1
   1615 1
   1616 1
   1617 1
   1618 1
   1619 1
   1620 1
   1621 1
   1622 1
   1623 1
   1624 1
   1625 1
   1626 1
   1627 1
   1628 1
   1629 1
   1630 1
   1631 1
   1632 1
   1633 1
   1634 1
   1635 1
   1636 1
   1637 1
   1638 1
   1639 1
   1640 1
   1641 1
   1642 1
   1643 1
   1644 1
   1645 1
   1646 1
   1647 1
   1648 1
   1649 1
   1650 1
   1651 1
   1652 1
   1653 1
   1654 1
   1655 1
   1656 1
   1657 1
   1658 1
   1659 1
   1660 1
   1661 1
   1662 1
   1663 1
   1664 1
   1665 1
   1666 1
   1667 1
   1668 1
   1669 1
   1670 1
   1671 1
   1672 1
   1673 1
   1674 1
   1675 1
   1676 1
   1677 1
   1678 1
   1679 1
   1680 1
   1681 1
   1682 1
   1683 1
   1684 1
   1685 1
   1686 1
   1687 1
   1688 1
   1689 1
   1690 1
   1691 1
   1692 1
   1693 1
   1694 1
   1695 1
   1696 1
   1697 1
   1698 1
   1699 1
   1700 1
   1701 1
   1702 1
   1703 1
   1704 1
   1705 1
   1706 1
   1707 1
   1708 1
   1709 1
   1710 1
   1711 1
   1712 1
   1713 1
   1714 1
   1715 1
   1716 1
   1717 1
   1718 1
   1719 1
   1720 1
   1721 1
   1722 1
   1723 1
   1724 1
   1725 1
   1726 1
   1727 1
   1728 1
   1729 1
   1730 1
   1731 1
   1732 1
   1733 1
   1734 1
   1735 1
   1736 1
   1737 1
   1738 1
   1739 1
   1740 1
   1741 1
   1742 1
   1743 1
   1744 1
   1745 1
   1746 1
   1747 1
   1748 1
   1749 1
   1750 1
   1751 1
   1752 1
   1753 1
   1754 1
   1755 1
   1756 1
   1757 1
   1758 1
   1759 1
   1760 1
   1761 1
   1762 1
   1763 1
   1764 1
   1765 1
   1766 1
   1767 1
   1768 1
   1769 1
   1770 1
   1771 1
   1772 1
   1773 1
   1774 1
   1775 1
   1776 1
   1777 1
   1778 1
   1779 1
   1780 1
   1781 1
   1782 1
   1783 1
   1784 1
   1785 1
   1786 1
   1787 1
   1788 1
   1789 1
   1790 1
   1791 1
   1792 1
   1793 1
   1794 1
   1795 1
   1796 1
   1797 1
   1798 1
   1799 1
   1800 1
   1801 1
   1802 1
   1803 1
   1804 1
   1805 1
   1806 1
   1807 1
   1808 1
   1809 1
   1810 1
   1811 1
   1812 1
   1813 1
   1814 1
   1815 1
   1816 1
   1817 1
   1818 1
   1819 1
   1820 1
   1821 1
   1822 1
   1823 1
   1824 1
   1825 1
   1826 1
   1827 1
   1828 1
   1829 1
   1830 1
   1831 1
   1832 1
   1833 1
   1834 1
   1835 1
   1836 1
   1837 1
   1838 1
   1839 1
   1840 1
   1841 1
   1842 1
   1843 1
   1844 1
   1845 1
   1846 1
   1847 1
   1848 1
   1849 1
   1850 1
   1851 1
   1852 1
   1853 1
   1854 1
   1855 1
   1856 1
   1857 1
   1858 1
   1859 1
   1860 1
   1861 1
   1862 1
   1863 1
   1864 1
   1865 1
   1866 1
   1867 1
   1868 1
   1869 1
   1870 1
   1871 1
   1872 1
   1873 1
   1874 1
   1875 1
   1876 1
   1877 1
   1878 1
   1879 1
   1880 1
   1881 1
   1882 1
   1883 1
   1884 1
   1885 1
   1886 1
   1887 1
   1888 1
   1889 1
   1890 1
   1891 1
   1892 1
   1893 1
   1894 1
   1895 1
   1896 1
   1897 1
   1898 1
   1899 1
   1900 1
   1901 1
   1902 1
   1903 1
   1904 1
   1905 1
   1906 1
   1907 1
   1908 1
   1909 1
   1910 1
   1911 1
   1912 1
   1913 1
   1914 1
   1915 1
   1916 1
   1917 1
   1918 1
   1919 1
   1920 1
   1921 1
   1922 1
   1923 1
   1924 1
   1925 1
   1926 1
   1927 1
   1928 1
   1929 1
   1930 1
   1931 1
   1932 1
   1933 1
   1934 1
   1935 1
   1936 1
   1937 1
   1938 1
   1939 1
   1940 1
   1941 1
   1942 1
   1943 1
   1944 1
   1945 1
   1946 1
   1947 1
   1948 1
   1949 1
   1950 1
   1951 1
   1952 1
   1953 1
   1954 1
   1955 1
   1956 1
   1957 1
   1958 1
   1959 1
   1960 1
   1961 1
   1962 1
   1963 1
   1964 1
   1965 1
   1966 1
   1967 1
   1968 1
   1969 1
   1970 1
   1971 1
   1972 1
   1973 1
   1974 1
   1975 1
   1976 1
   1977 1
   1978 1
   1979 1
   1980 1
   1981 1
   1982 1
   1983 1
   1984 1
   1985 1
   1986 1
   1987 1
   1988 1
   1989 1
   1990 1
   1991 1
   1992 1
   1993 1
   1994 1
   1995 1
   1996 1
   1997 1
   1998 1
   1999 1
   2000 1
   2001 1
   2002 1
   2003 1
   2004 1
   2005 1
   2006 1
   2007 1
   2008 1
   2009 1
   2010 1
   2011 1
   2012 1
   2013 1
   2014 1
   2015 1
   2016 1
   2017 1
   2018 1
   2019 1
   2020 1
   2021 1
   2022 1
   2023 1
   2024 1
   2025 1
   2026 1
   2027 1
   2028 1
   2029 1
   2030 1
   2031 1
   2032 1
   2033 1
   2034 1
   2035 1
   2036 1
   2037 1
   2038 1
   2039 1
   2040 1
   2041 1
   2042 1
   2043 1
   2044 1
   2045 1
   2046 1
   2047 1
   2048 1
   2049 1
   2050 1
   2051 1
   2052 1
   2053 1
   2054 1
   2055 1
   2056 1
   2057 1
   2058 1
   2059 1
   2060 1
   2061 1
   2062 1
   2063 1
   2064 1
   2065 1
   2066 1
   2067 1
   2068 1
   2069 1
   2070 1
   2071 1
   2072 1
   2073 1
   2074 1
   2075 1
   2076 1
   2077 1
   2078 1
   2079 1
   2080 1
   2081 1
   2082 1
   2083 1
   2084 1
   2085 1
   2086 1
   2087 1
   2088 1
   2089 1
   2090 1
   2091 1
   2092 1
   2093 1
   2094 1
   2095 1
   2096 1
   2097 1
   2098 1
   2099 1
   2100 1
   2101 1
   2102 1
   2103 1
   2104 1
   2105 1
   2106 1
   2107 1
   2108 1
   2109 1
   2110 1
   2111 1
   2112 1
   2113 1
   2114 1
   2115 1
   2116 1
   2117 1
   2118 1
   2119 1
   2120 1
   2121 1
   2122 1
   2123 1
   2124 1
   2125 1
   2126 1
   2127 1
   2128 1
   2129 1
   2130 1
   2131 1
   2132 1
   2133 1
   2134 1
   2135 1
   2136 1
   2137 1
   2138 1
   2139 1
   2140 1
   2141 1
   2142 1
   2143 1
   2144 1
   2145 1
   2146 1
   2147 1
   2148 1
   2149 1
   2150 1
   2151 1
   2152 1
   2153 1
   2154 1
   2155 1
   2156 1
   2157 1
   2158 1
   2159 1
   2160 1
   2161 1
   2162 1
   2163 1
   2164 1
   2165 1
   2166 1
   2167 1
   2168 1
   2169 1
   2170 1
   2171 1
   2172 1
   2173 1
   2174 1
   2175 1
   2176 1
   2177 1
   2178 1
   2179 1
   2180 1
   2181 1
   2182 1
   2183 1
   2184 1
   2185 1
   2186 1
   2187 1
   2188 1
   2189 1
   2190 1
   2191 1
   2192 1
   2193 1
   2194 1
   2195 1
   2196 1
   2197 1
   2198 1
   2199 1
   2200 1
   2201 1
   2202 1
   2203 1
   2204 1
   2205 1
   2206 1
   2207 1
   2208 1
   2209 1
   2210 1
   2211 1
   2212 1
   2213 1
   2214 1
   2215 1
   2216 1
   2217 1
   2218 1
   2219 1
   2220 1
   2221 1
   2222 1
   2223 1
   2224 1
   2225 1
   2226 1
   2227 1
   2228 1
   2229 1
   2230 1
   2231 1
   2232 1
   2233 1
   2234 1
   2235 1
   2236 1
   2237 1
   2238 1
   2239 1
   2240 1
   2241 1
   2242 1
   2243 1
   2244 1
   2245 1
   2246 1
   2247 1
   2248 1
   2249 1
   2250 1
   2251 1
   2252 1
   2253 1
   2254 1
   2255 1
   2256 1
   2257 1
   2258 1
   2259 1
   2260 1
   2261 1
   2262 1
   2263 1
   2264 1
   2265 1
   2266 1
   2267 1
   2268 1
   2269 1
   2270 1
   2271 1
   2272 1
   2273 1
   2274 1
   2275 1
   2276 1
   2277 1
   2278 1
   2279 1
   2280 1
   2281 1
   2282 1
   2283 1
   2284 1
   2285 1
   2286 1
   2287 1
   2288 1
   2289 1
   2290 1
   2291 1
   2292 1
   2293 1
   2294 1
   2295 1
   2296 1
   2297 1
   2298 1
   2299 1
   2300 1
   2301 1
   2302 1
   2303 1
   2304 1
   2305 1
   2306 1
   2307 1
   2308 1
   2309 1
   2310 1
   2311 1
   2312 1
   2313 1
   2314 1
   2315 1
   2316 1
   2317 1
   2318 1
   2319 1
   2320 1
   2321 1
   2322 1
   2323 1
   2324 1
   2325 1
   2326 1
   2327 1
   2328 1
   2329 1
   2330 1
   2331 1
   2332 1
   2333 1
   2334 1
   2335 1
   2336 1
   2337 1
   2338 1
   2339 1
   2340 1
   2341 1
   2342 1
   2343 1
   2344 1
   2345 1
   2346 1
   2347 1
   2348 1
   2349 1
   2350 1
   2351 1
   2352 1
   2353 1
   2354 1
   2355 1
   2356 1
   2357 1
   2358 1
   2359 1
   2360 1
   2361 1
   2362 1
   2363 1
   2364 1
   2365 1
   2366 1
   2367 1
   2368 1
   2369 1
   2370 1
   2371 1
   2372 1
   2373 1
   2374 1
   2375 1
   2376 1
   2377 1
   2378 1
   2379 1
   2380 1
   2381 1
   2382 1
   2383 1
   2384 1
   2385 1
   2386 1
   2387 1
   2388 1
   2389 1
   2390 1
   2391 1
   2392 1
   2393 1
   2394 1
   2395 1
   2396 1
   2397 1
   2398 1
   2399 1
   2400 1
   2401 1
   2402 1
   2403 1
   2404 1
   2405 1
   2406 1
   2407 1
   2408 1
   2409 1
   2410 1
   2411 1
   2412 1
   2413 1
   2414 1
   2415 1
   2416 1
   2417 1
   2418 1
   2419 1
   2420 1
   2421 1
   2422 1
   2423 1
   2424 1
   2425 1
   2426 1
   2427 1
   2428 1
   2429 1
   2430 1
   2431 1
   2432 1
   2433 1
   2434 1
   2435 1
   2436 1
   2437 1
   2438 1
   2439 1
   2440 1
   2441 1
   2442 1
   2443 1
   2444 1
   2445 1
   2446 1
   2447 1
   2448 1
   2449 1
   2450 1
   2451 1
   2452 1
   2453 1
   2454 1
   2455 1
   2456 1
   2457 1
   2458 1
   2459 1
   2460 1
   2461 1
   2462 1
   2463 1
   2464 1
   2465 1
   2466 1
   2467 1
   2468 1
   2469 1
   2470 1
   2471 1
   2472 1
   2473 1
   2474 1
   2475 1
   2476 1
   2477 1
   2478 1
   2479 1
   2480 1
   2481 1
   2482 1
   2483 1
   2484 1
   2485 1
   2486 1
   2487 1
   2488 1
   2489 1
   2490 1
   2491 1
   2492 1
   2493 1
   2494 1
   2495 1
   2496 1
   2497 1
   2498 1
   2499 1
   2500 1
   2501 1
   2502 1
   2503 1
   2504 1
   2505 1
   2506 1
   2507 1
   2508 1
   2509 1
   2510 1
   2511 1
   2512 1
   2513 1
   2514 1
   2515 1
   2516 1
   2517 1
   2518 1
   2519 1
   2520 1
   2521 1
   2522 1
   2523 1
   2524 1
   2525 1
   2526 1
   2527 1
   2528 1
   2529 1
   2530 1
   2531 1
   2532 1
   2533 1
   2534 1
   2535 1
   2536 1
   2537 1
   2538 1
   2539 1
   2540 1
   2541 1
   2542 1
   2543 1
   2544 1
   2545 1
   2546 1
   2547 1
   2548 1
   2549 1
   2550 1
   2551 1
   2552 1
   2553 1
   2554 1
   2555 1
   2556 1
   2557 1
   2558 1
   2559 1
   2560 1
   2561 1
   2562 1
   2563 1
   2564 1
   2565 1
   2566 1
   2567 1
   2568 1
   2569 1
   2570 1
   2571 1
   2572 1
   2573 1
   2574 1
   2575 1
   2576 1
   2577 1
   2578 1
   2579 1
   2580 1
   2581 1
   2582 1
   2583 1
   2584 1
   2585 1
   2586 1
   2587 1
   2588 1
   2589 1
   2590 1
   2591 1
   2592 1
   2593 1
   2594 1
   2595 1
   2596 1
   2597 1
   2598 1
   2599 1
   2600 1
   2601 1
   2602 1
   2603 1
   2604 1
   2605 1
   2606 1
   2607 1
   2608 1
   2609 1
   2610 1
   2611 1
   2612 1
   2613 1
   2614 1
   2615 1
   2616 1
   2617 1
   2618 1
   2619 1
   2620 1
   2621 1
   2622 1
   2623 1
   2624 1
   2625 1
   2626 1
   2627 1
   2628 1
   2629 1
   2630 1
   2631 1
   2632 1
   2633 1
   2634 1
   2635 1
   2636 1
   2637 1
   2638 1
   2639 1
   2640 1
   2641 1
   2642 1
   2643 1
   2644 1
   2645 1
   2646 1
   2647 1
   2648 1
   2649 1
   2650 1
   2651 1
   2652 1
   2653 1
   2654 1
   2655 1
   2656 1
   2657 1
   2658 1
   2659 1
   2660 1
   2661 1
   2662 1
   2663 1
   2664 1
   2665 1
   2666 1
   2667 1
   2668 1
   2669 1
   2670 1
   2671 1
   2672 1
   2673 1
   2674 1
   2675 1
   2676 1
   2677 1
   2678 1
   2679 1
   2680 1
   2681 1
   2682 1
   2683 1
   2684 1
   2685 1
   2686 1
   2687 1
   2688 1
   2689 1
   2690 1
   2691 1
   2692 1
   2693 1
   2694 1
   2695 1
   2696 1
   2697 1
   2698 1
   2699 1
   2700 1
   2701 1
   2702 1
   2703 1
   2704 1
   2705 1
   2706 1
   2707 1
   2708 1
   2709 1
   2710 1
   2711 1
   2712 1
   2713 1
   2714 1
   2715 1
   2716 1
   2717 1
   2718 1
   2719 1
   2720 1
   2721 1
   2722 1
   2723 1
   2724 1
   2725 1
   2726 1
   2727 1
   2728 1
   2729 1
   2730 1
   2731 1
   2732 1
   2733 1
   2734 1
   2735 1
   2736 1
   2737 1
   2738 1
   2739 1
   2740 1
   2741 1
   2742 1
   2743 1
   2744 1
   2745 1
   2746 1
   2747 1
   2748 1
   2749 1
   2750 1
   2751 1
   2752 1
   2753 1
   2754 1
   2755 1
   2756 1
   2757 1
   2758 1
   2759 1
   2760 1
   2761 1
   2762 1
   2763 1
   2764 1
   2765 1
   2766 1
   2767 1
   2768 1
   2769 1
   2770 1
   2771 1
   2772 1
   2773 1
   2774 1
   2775 1
   2776 1
   2777 1
   2778 1
   2779 1
   2780 1
   2781 1
   2782 1
   2783 1
   2784 1
   2785 1
   2786 1
   2787 1
   2788 1
   2789 1
   2790 1
   2791 1
   2792 1
   2793 1
   2794 1
   2795 1
   2796 1
   2797 1
   2798 1
   2799 1
   2800 1
   2801 1
   2802 1
   2803 1
   2804 1
   2805 1
   2806 1
   2807 1
   2808 1
   2809 1
   2810 1
   2811 1
   2812 1
   2813 1
   2814 1
   2815 1
   2816 1
   2817 1
   2818 1
   2819 1
   2820 1
   2821 1
   2822 1
   2823 1
   2824 1
   2825 1
   2826 1
   2827 1
   2828 1
   2829 1
   2830 1
   2831 1
   2832 1
   2833 1
   2834 1
   2835 1
   2836 1
   2837 1
   2838 1
   2839 1
   2840 1
   2841 1
   2842 1
   2843 1
   2844 1
   2845 1
   2846 1
   2847 1
   2848 1
   2849 1
   2850 1
   2851 1
   2852 1
   2853 1
   2854 1
   2855 1
   2856 1
   2857 1
   2858 1
   2859 1
   2860 1
   2861 1
   2862 1
   2863 2
   2864 2
   2865 2
   2866 2
   2867 2
   2868 2
   2869 2
   2870 2
   2871 2
   2872 2
   2873 2
   2874 2
   2875 2
   2876 2
   2877 2
   2878 2
   2879 2
   2880 2
   2881 2
   2882 2
   2883 2
   2884 2
   2885 2
   2886 2
   2887 2
   2888 2
   2889 2
   2890 2
   2891 2
   2892 2
   2893 2
   2894 2
   2895 2
   2896 2
   2897 2
   2898 2
   2899 2
   2900 2
   2901 2
   2902 2
   2903 2
   2904 2
   2905 2
   2906 2
   2907 2
   2908 2
   2909 2
   2910 2
   2911 2
   2912 2
   2913 2
   2914 2
   2915 2
   2916 2
   2917 2
   2918 2
   2919 2
   2920 2
   2921 2
   2922 2
   2923 2
   2924 2
   2925 2
   2926 2
   2927 2
   2928 2
   2929 2
   2930 2
   2931 2
   2932 2
   2933 2
   2934 2
   2935 2
   2936 2
   2937 2
   2938 2
   2939 2
   2940 2
   2941 2
   2942 2
   2943 2
   2944 2
   2945 2
   2946 2
   2947 2
   2948 2
   2949 2
   2950 2
   2951 2
   2952 2
   2953 2
   2954 2
   2955 2
   2956 2
   2957 2
   2958 2
   2959 2
   2960 2
   2961 2
   2962 2
   2963 2
   2964 2
   2965 2
   2966 2
   2967 2
   2968 2
   2969 2
   2970 2
   2971 2
   2972 2
   2973 2
   2974 2
   2975 2
   2976 2
   2977 2
   2978 2
   2979 2
   2980 2
   2981 2
   2982 2
   2983 2
   2984 2
   2985 2
   2986 2
   2987 2
   2988 2
   2989 2
   2990 2
   2991 2
   2992 2
   2993 2
   2994 2
   2995 2
   2996 2
   2997 2
   2998 2
   2999 2
   3000 2
   3001 2
   3002 2
   3003 2
   3004 2
   3005 2
   3006 2
   3007 2
   3008 2
   3009 2
   3010 2
   3011 2
   3012 2
   3013 2
   3014 2
   3015 2
   3016 2
   3017 2
   3018 2
   3019 2
   3020 2
   3021 2
   3022 2
   3023 2
   3024 2
   3025 2
   3026 2
   3027 2
   3028 2
   3029 2
   3030 2
   3031 2
   3032 2
   3033 2
   3034 2
   3035 2
   3036 2
   3037 2
   3038 2
   3039 2
   3040 2
   3041 2
   3042 2
   3043 2
   3044 2
   3045 2
   3046 2
   3047 2
   3048 2
   3049 2
   3050 2
   3051 2
   3052 2
   3053 2
   3054 2
   3055 2
   3056 2
   3057 2
   3058 2
   3059 2
   3060 2
   3061 2
   3062 2
   3063 2
   3064 2
   3065 2
   3066 2
   3067 2
   3068 2
   3069 2
   3070 2
   3071 2
   3072 2
   3073 2
   3074 2
   3075 2
   3076 2
   3077 2
   3078 2
   3079 2
   3080 2
   3081 2
   3082 2
   3083 2
   3084 2
   3085 2
   3086 2
   3087 2
   3088 2
   3089 2
   3090 2
   3091 2
   3092 2
   3093 2
   3094 2
   3095 2
   3096 2
   3097 2
   3098 2
   3099 2
   3100 2
   3101 2
   3102 2
   3103 2
   3104 2
   3105 2
   3106 2
   3107 2
   3108 2
   3109 2
   3110 2
   3111 2
   3112 2
   3113 2
   3114 2
   3115 2
   3116 2
   3117 2
   3118 2
   3119 2
   3120 2
   3121 2
   3122 2
   3123 2
   3124 2
   3125 2
   3126 2
   3127 2
   3128 2
   3129 2
   3130 2
   3131 2
   3132 2
   3133 2
   3134 2
   3135 2
   3136 2
   3137 2
   3138 2
   3139 2
   3140 2
   3141 2
   3142 2
   3143 2
   3144 2
   3145 2
   3146 2
   3147 2
   3148 2
   3149 2
   3150 2
   3151 2
   3152 2
   3153 2
   3154 2
   3155 2
   3156 2
   3157 2
   3158 2
   3159 2
   3160 2
   3161 2
   3162 2
   3163 2
   3164 2
   3165 2
   3166 2
   3167 2
   3168 2
   3169 2
   3170 2
   3171 2
   3172 2
   3173 2
   3174 2
   3175 2
   3176 2
   3177 2
   3178 2
   3179 2
   3180 2
   3181 2
   3182 2
   3183 2
   3184 2
   3185 2
   3186 2
   3187 2
   3188 2
   3189 2
   3190 2
   3191 2
   3192 2
   3193 2
   3194 2
   3195 2
   3196 2
   3197 2
   3198 2
   3199 2
   3200 2
   3201 2
   3202 2
   3203 2
   3204 2
   3205 2
   3206 2
   3207 2
   3208 2
   3209 2
   3210 2
   3211 2
   3212 2
   3213 2
   3214 2
   3215 2
   3216 2
   3217 2
   3218 2
   3219 2
   3220 2
   3221 2
   3222 2
   3223 2
   3224 2
   3225 2
   3226 2
   3227 2
   3228 2
   3229 2
   3230 2
   3231 2
   3232 2
   3233 2
   3234 2
   3235 2
   3236 2
   3237 2
   3238 2
   3239 2
   3240 2
   3241 2
   3242 2
   3243 2
   3244 2
   3245 2
   3246 2
   3247 2
   3248 2
   3249 2
   3250 2
   3251 2
   3252 2
   3253 2
   3254 2
   3255 2
   3256 2
   3257 2
   3258 2
   3259 2
   3260 2
   3261 2
   3262 2
   3263 2
   3264 2
   3265 2
   3266 2
   3267 2
   3268 2
   3269 2
   3270 2
   3271 2
   3272 2
   3273 2
   3274 2
   3275 2
   3276 2
   3277 2
   3278 2
   3279 2
   3280 2
   3281 2
   3282 2
   3283 2
   3284 2
   3285 2
   3286 2
   3287 2
   3288 2
   3289 2
   3290 2
   3291 2
   3292 2
   3293 2
   3294 2
   3295 2
   3296 2
   3297 2
   3298 2
   3299 2
   3300 2
   3301 2
   3302 2
   3303 2
   3304 2
   3305 2
   3306 2
   3307 2
   3308 2
   3309 2
   3310 2
   3311 2
   3312 2
   3313 2
   3314 2
   3315 2
   3316 2
   3317 2
   3318 2
   3319 2
   3320 2
   3321 2
   3322 2
   3323 2
   3324 2
   3325 2
   3326 2
   3327 2
   3328 2
   3329 2
   3330 2
   3331 2
   3332 2
   3333 2
   3334 2
   3335 2
   3336 2
   3337 2
   3338 2
   3339 2
   3340 2
   3341 2
   3342 2
   3343 2
   3344 2
   3345 2
   3346 2
   3347 2
   3348 2
   3349 2
   3350 2
   3351 2
   3352 2
   3353 2
   3354 2
   3355 2
   3356 2
   3357 2
   3358 2
   3359 2
   3360 2
   3361 2
   3362 2
   3363 2
   3364 2
   3365 2
   3366 2
   3367 2
   3368 2
   3369 2
   3370 2
   3371 2
   3372 2
   3373 2
   3374 2
   3375 2
   3376 2
   3377 2
   3378 2
   3379 2
   3380 2
   3381 2
   3382 2
   3383 2
   3384 2
   3385 2
   3386 2
   3387 2
   3388 2
   3389 2
   3390 2
   3391 2
   3392 2
   3393 2
   3394 2
   3395 2
   3396 2
   3397 2
   3398 2
   3399 2
   3400 2
   3401 2
   3402 2
   3403 2
   3404 2
   3405 2
   3406 2
   3407 2
   3408 2
   3409 2
   3410 2
   3411 2
   3412 2
   3413 2
   3414 2
   3415 2
   3416 2
   3417 2
   3418 2
   3419 2
   3420 2
   3421 2
   3422 2
   3423 2
   3424 2
   3425 2
   3426 2
   3427 2
   3428 2
   3429 2
   3430 2
   3431 2
   3432 2
   3433 2
   3434 2
   3435 2
   3436 2
   3437 2
   3438 2
   3439 2
   3440 2
   3441 2
   3442 2
   3443 2
   3444 2
   3445 2
   3446 2
   3447 2
   3448 2
   3449 2
   3450 2
   3451 2
   3452 2
   3453 2
   3454 2
   3455 2
   3456 2
   3457 2
   3458 2
   3459 2
   3460 2
   3461 2
   3462 2
   3463 2
   3464 2
   3465 2
   3466 2
   3467 2
   3468 2
   3469 2
   3470 2
   3471 2
   3472 2
   3473 2
   3474 2
   3475 2
   3476 2
   3477 2
   3478 2
   3479 2
   3480 2
   3481 2
   3482 2
   3483 2
   3484 2
   3485 2
   3486 2
   3487 2
   3488 2
   3489 2
   3490 2
   3491 2
   3492 2
   3493 2
   3494 2
   3495 2
   3496 2
   3497 2
   3498 2
   3499 2
   3500 2
   3501 2
   3502 2
   3503 2
   3504 2
   3505 2
   3506 2
   3507 2
   3508 2
   3509 2
   3510 2
   3511 2
   3512 2
   3513 2
   3514 2
   3515 2
   3516 2
   3517 2
   3518 2
   3519 2
   3520 2
   3521 2
   3522 2
   3523 2
   3524 2
   3525 2
   3526 2
   3527 2
   3528 2
   3529 2
   3530 2
   3531 2
   3532 2
   3533 2
   3534 2
   3535 2
   3536 2
   3537 2
   3538 2
   3539 2
   3540 2
   3541 2
   3542 2
   3543 2
   3544 2
   3545 2
   3546 2
   3547 2
   3548 2
   3549 2
   3550 2
   3551 2
   3552 2
   3553 2
   3554 2
   3555 2
   3556 2
   3557 2
   3558 2
   3559 2
   3560 2
   3561 2
   3562 2
   3563 2
   3564 2
   3565 2
   3566 2
   3567 2
   3568 2
   3569 2
   3570 2
   3571 2
   3572 2
   3573 2
   3574 2
   3575 2
   3576 2
   3577 2
   3578 2
   3579 2
   3580 2
   3581 2
   3582 2
   3583 2
   3584 2
   3585 2
   3586 2
   3587 2
   3588 2
   3589 2
   3590 2
   3591 2
   3592 2
   3593 2
   3594 2
   3595 2
   3596 2
   3597 2
   3598 2
   3599 2
   3600 2
   3601 2
   3602 2
   3603 2
   3604 2
   3605 2
   3606 2
   3607 2
   3608 2
   3609 2
   3610 2
   3611 2
   3612 2
   3613 2
   3614 2
   3615 2
   3616 2
   3617 2
   3618 2
   3619 2
   3620 2
   3621 2
   3622 2
   3623 2
   3624 2
   3625 2
   3626 2
   3627 2
   3628 2
   3629 2
   3630 2
   3631 2
   3632 2
   3633 2
   3634 2
   3635 2
   3636 2
   3637 2
   3638 2
   3639 2
   3640 2
   3641 2
   3642 2
   3643 2
   3644 2
   3645 2
   3646 2
   3647 2
   3648 2
   3649 2
   3650 2
   3651 2
   3652 2
   3653 2
   3654 2
   3655 2
   3656 2
   3657 2
   3658 2
   3659 2
   3660 2
   3661 2
   3662 2
   3663 2
   3664 2
   3665 2
   3666 2
   3667 2
   3668 2
   3669 2
   3670 2
   3671 2
   3672 2
   3673 2
   3674 2
   3675 2
   3676 2
   3677 2
   3678 2
   3679 2
   3680 2
   3681 2
   3682 2
   3683 2
   3684 2
   3685 2
   3686 2
   3687 2
   3688 2
   3689 2
   3690 2
   3691 2
   3692 2
   3693 2
   3694 2
   3695 2
   3696 2
   3697 2
   3698 2
   3699 2
   3700 2
   3701 2
   3702 2
   3703 2
   3704 2
   3705 2
   3706 2
   3707 2
   3708 2
   3709 2
   3710 2
   3711 2
   3712 2
   3713 2
   3714 2
   3715 2
   3716 2
   3717 2
   3718 2
   3719 2
   3720 2
   3721 2
   3722 2
   3723 2
   3724 2
   3725 2
   3726 2
   3727 2
   3728 2
   3729 2
   3730 2
   3731 2
   3732 2
   3733 2
   3734 2
   3735 2
   3736 2
   3737 2
   3738 2
   3739 2
   3740 2
   3741 2
   3742 2
   3743 2
   3744 2
   3745 2
   3746 2
   3747 2
   3748 2
   3749 2
   3750 2
   3751 2
   3752 2
   3753 2
   3754 2
   3755 2
   3756 2
   3757 2
   3758 2
   3759 2
   3760 2
   3761 2
   3762 2
   3763 2
   3764 2
   3765 2
   3766 2
   3767 2
   3768 2
   3769 2
   3770 2
   3771 2
   3772 2
   3773 2
   3774 2
   3775 2
   3776 2
   3777 2
   3778 2
   3779 2
   3780 2
   3781 2
   3782 2
   3783 2
   3784 2
   3785 2
   3786 2
   3787 2
   3788 2
   3789 2
   3790 2
   3791 2
   3792 2
   3793 2
   3794 2
   3795 2
   3796 2
   3797 2
   3798 2
   3799 2
   3800 2
   3801 2
   3802 2
   3803 2
   3804 2
   3805 2
   3806 2
   3807 2
   3808 2
   3809 2
   3810 2
   3811 2
   3812 2
   3813 2
   3814 2
   3815 2
   3816 2
   3817 2
   3818 2
   3819 2
   3820 2
   3821 2
   3822 2
   3823 2
   3824 2
   3825 2
   3826 2
   3827 2
   3828 2
   3829 2
   3830 2
   3831 2
   3832 2
   3833 2
   3834 2
   3835 2
   3836 2
   3837 2
   3838 2
   3839 2
   3840 2
   3841 2
   3842 2
   3843 2
   3844 2
   3845 2
   3846 2
   3847 2
   3848 2
   3849 2
   3850 2
   3851 2
   3852 2
   3853 2
   3854 2
   3855 2
   3856 2
   3857 2
   3858 2
   3859 2
   3860 2
   3861 2
   3862 2
   3863 2
   3864 2
   3865 2
   3866 2
   3867 2
   3868 2
   3869 2
   3870 2
   3871 2
   3872 2
   3873 2
   3874 2
   3875 2
   3876 2
   3877 2
   3878 2
   3879 2
   3880 2
   3881 2
   3882 2
   3883 2
   3884 2
   3885 2
   3886 2
   3887 2
   3888 2
   3889 2
   3890 2
   3891 2
   3892 2
   3893 2
   3894 2
   3895 2
   3896 2
   3897 2
   3898 2
   3899 2
   3900 2
   3901 2
   3902 2
   3903 2
   3904 2
   3905 2
   3906 2
   3907 2
   3908 2
   3909 2
   3910 2
   3911 2
   3912 2
   3913 2
   3914 2
   3915 2
   3916 2
   3917 2
   3918 2
   3919 2
   3920 2
   3921 2
   3922 2
   3923 2
   3924 2
   3925 2
   3926 2
   3927 2
   3928 2
   3929 2
   3930 2
   3931 2
   3932 2
   3933 2
   3934 2
   3935 2
   3936 2
   3937 2
   3938 2
   3939 2
   3940 2
   3941 2
   3942 2
   3943 2
   3944 2
   3945 2
   3946 2
   3947 2
   3948 2
   3949 2
   3950 2
   3951 2
   3952 2
   3953 2
   3954 2
   3955 2
   3956 2
   3957 2
   3958 2
   3959 2
   3960 2
   3961 2
   3962 2
   3963 2
   3964 2
   3965 2
   3966 2
   3967 2
   3968 2
   3969 2
   3970 2
   3971 2
   3972 2
   3973 2
   3974 2
   3975 2
   3976 2
   3977 2
   3978 2
   3979 2
   3980 2
   3981 2
   3982 2
   3983 2
   3984 2
   3985 2
   3986 2
   3987 2
   3988 2
   3989 2
   3990 2
   3991 2
   3992 2
   3993 2
   3994 2
   3995 2
   3996 2
   3997 2
   3998 2
   3999 2
   4000 2
   4001 2
   4002 2
   4003 2
   4004 2
   4005 2
   4006 2
   4007 2
   4008 2
   4009 2
   4010 2
   4011 2
   4012 2
   4013 2
   4014 2
   4015 2
   4016 2
   4017 2
   4018 2
   4019 2
   4020 2
   4021 2
   4022 2
   4023 2
   4024 2
   4025 2
   4026 2
   4027 2
   4028 2
   4029 2
   4030 2
   4031 2
   4032 2
   4033 2
   4034 2
   4035 2
   4036 2
   4037 2
   4038 2
   4039 2
   4040 2
   4041 2
   4042 2
   4043 2
   4044 2
   4045 2
   4046 2
   4047 2
   4048 2
   4049 2
   4050 2
   4051 2
   4052 2
   4053 2
   4054 2
   4055 2
   4056 2
   4057 2
   4058 2
   4059 2
   4060 2
   4061 2
   4062 2
   4063 2
   4064 2
   4065 2
   4066 2
   4067 2
   4068 2
   4069 2
   4070 2
   4071 2
   4072 2
   4073 2
   4074 2
   4075 2
   4076 2
   4077 2
   4078 2
   4079 2
   4080 2
   4081 2
   4082 2
   4083 2
   4084 2
   4085 2
   4086 2
   4087 2
   4088 2
   4089 2
   4090 2
   4091 2
   4092 2
   4093 2
   4094 2
   4095 2
   4096 2
   4097 2
   4098 2
   4099 2
   4100 2
   4101 2
   4102 2
   4103 2
   4104 2
   4105 2
   4106 2
   4107 2
   4108 2
   4109 2
   4110 2
   4111 2
   4112 2
   4113 2
   4114 2
   4115 2
   4116 2
   4117 2
   4118 2
   4119 2
   4120 2
   4121 2
   4122 2
   4123 2
   4124 2
   4125 2
   4126 2
   4127 2
   4128 2
   4129 2
   4130 2
   4131 2
   4132 2
   4133 2
   4134 2
   4135 2
   4136 2
   4137 2
   4138 2
   4139 2
   4140 2
   4141 2
   4142 2
   4143 2
   4144 2
   4145 2
   4146 2
   4147 2
   4148 2
   4149 2
   4150 2
   4151 2
   4152 2
   4153 2
   4154 2
   4155 2
   4156 2
   4157 2
   4158 2
   4159 2
   4160 2
   4161 2
   4162 2
   4163 2
   4164 2
   4165 2
   4166 2
   4167 2
   4168 2
   4169 2
   4170 2
   4171 2
   4172 2
   4173 2
   4174 2
   4175 2
   4176 2
   4177 2
   4178 2
   4179 2
   4180 2
   4181 2
   4182 2
   4183 2
   4184 2
   4185 2
   4186 2
   4187 2
   4188 2
   4189 2
   4190 2
   4191 2
   4192 2
   4193 2
   4194 2
   4195 2
   4196 2
   4197 2
   4198 2
   4199 2
   4200 2
   4201 2
   4202 2
   4203 2
   4204 2
   4205 2
   4206 2
   4207 2
   4208 2
   4209 2
   4210 2
   4211 2
   4212 2
   4213 2
   4214 2
   4215 2
   4216 2
   4217 2
   4218 2
   4219 2
   4220 2
   4221 2
   4222 2
   4223 2
   4224 2
   4225 2
   4226 2
   4227 2
   4228 2
   4229 2
   4230 2
   4231 2
   4232 2
   4233 2
   4234 2
   4235 2
   4236 2
   4237 2
   4238 2
   4239 2
   4240 2
   4241 2
   4242 2
   4243 2
   4244 2
   4245 2
   4246 2
   4247 2
   4248 2
   4249 2
   4250 2
   4251 2
   4252 2
   4253 2
   4254 2
   4255 2
   4256 2
   4257 2
   4258 2
   4259 2
   4260 2
   4261 2
   4262 2
   4263 2
   4264 2
   4265 2
   4266 2
   4267 2
   4268 2
   4269 2
   4270 2
   4271 2
   4272 2
   4273 2
   4274 2
   4275 2
   4276 2
   4277 2
   4278 2
   4279 2
   4280 2
   4281 2
   4282 2
   4283 2
   4284 2
   4285 2
   4286 2
   4287 2
   4288 2
   4289 2
   4290 2
   4291 2
   4292 2
   4293 2
   4294 2
   4295 2
   4296 2
   4297 2
   4298 2
   4299 2
   4300 2
   4301 2
   4302 2
   4303 2
   4304 2
   4305 2
   4306 2
   4307 2
   4308 2
   4309 2
   4310 2
   4311 2
   4312 2
   4313 2
   4314 2
   4315 2
   4316 2
   4317 2
   4318 2
   4319 2
   4320 2
   4321 2
   4322 2
   4323 2
   4324 2
   4325 2
   4326 2
   4327 2
   4328 2
   4329 2
   4330 2
   4331 2
   4332 2
   4333 2
   4334 2
   4335 2
   4336 2
   4337 2
   4338 2
   4339 2
   4340 2
   4341 2
   4342 2
   4343 2
   4344 2
   4345 2
   4346 2
   4347 2
   4348 2
   4349 2
   4350 2
   4351 2
   4352 2
   4353 2
   4354 2
   4355 2
   4356 2
   4357 2
   4358 2
   4359 2
   4360 2
   4361 2
   4362 2
   4363 2
   4364 2
   4365 2
   4366 2
   4367 2
   4368 2
   4369 2
   4370 2
   4371 2
   4372 2
   4373 2
   4374 2
   4375 2
   4376 2
   4377 2
   4378 2
   4379 2
   4380 2
   4381 2
   4382 2
   4383 2
   4384 2
   4385 2
   4386 2
   4387 2
   4388 2
   4389 2
   4390 2
   4391 2
   4392 2
   4393 2
   4394 2
   4395 2
   4396 2
   4397 2
   4398 2
   4399 2
   4400 2
   4401 2
   4402 2
   4403 2
   4404 2
   4405 2
   4406 2
   4407 2
   4408 2
   4409 2
   4410 2
   4411 2
   4412 2
   4413 2
   4414 2
   4415 2
   4416 2
   4417 2
   4418 2
   4419 2
   4420 2
   4421 2
   4422 2
   4423 2
   4424 2
   4425 2
   4426 2
   4427 2
   4428 2
   4429 2
   4430 2
   4431 2
   4432 2
   4433 2
   4434 2
   4435 2
   4436 2
   4437 2
   4438 2
   4439 2
   4440 2
   4441 2
   4442 2
   4443 2
   4444 2
   4445 2
   4446 2
   4447 2
   4448 2
   4449 2
   4450 2
   4451 2
   4452 2
   4453 2
   4454 2
   4455 2
   4456 2
   4457 2
   4458 2
   4459 2
   4460 2
   4461 2
   4462 2
   4463 2
   4464 2
   4465 2
   4466 2
   4467 2
   4468 2
   4469 2
   4470 2
   4471 2
   4472 2
   4473 2
   4474 2
   4475 2
   4476 2
   4477 2
   4478 2
   4479 2
   4480 2
   4481 2
   4482 2
   4483 2
   4484 2
   4485 2
   4486 2
   4487 2
   4488 2
   4489 2
   4490 2
   4491 2
   4492 2
   4493 2
   4494 2
   4495 2
   4496 2
   4497 2
   4498 2
   4499 2
   4500 2
   4501 2
   4502 2
   4503 2
   4504 2
   4505 2
   4506 2
   4507 2
   4508 2
   4509 2
   4510 2
   4511 2
   4512 2
   4513 2
   4514 2
   4515 2
   4516 2
   4517 2
   4518 2
   4519 2
   4520 2
   4521 2
   4522 2
   4523 2
   4524 2
   4525 2
   4526 2
   4527 2
   4528 2
   4529 2
   4530 2
   4531 2
   4532 2
   4533 2
   4534 2
   4535 2
   4536 2
   4537 2
   4538 2
   4539 2
   4540 2
   4541 2
   4542 2
   4543 2
   4544 2
   4545 2
   4546 2
   4547 2
   4548 2
   4549 2
   4550 2
   4551 2
   4552 2
   4553 2
   4554 2
   4555 2
   4556 2
   4557 2
   4558 2
   4559 2
   4560 2
   4561 2
   4562 2
   4563 2
   4564 2
   4565 2
   4566 2
   4567 2
   4568 2
   4569 2
   4570 2
   4571 2
   4572 2
   4573 2
   4574 2
   4575 2
   4576 2
   4577 2
   4578 2
   4579 2
   4580 2
   4581 2
   4582 2
   4583 2
   4584 2
   4585 2
   4586 2
   4587 2
   4588 2
   4589 2
   4590 2
   4591 2
   4592 2
   4593 2
   4594 2
   4595 2
   4596 2
   4597 2
   4598 2
   4599 2
   4600 2
   4601 2
   4602 2
   4603 2
   4604 2
   4605 2
   4606 2
   4607 2
   4608 2
   4609 2
   4610 2
   4611 2
   4612 2
   4613 2
   4614 2
   4615 2
   4616 2
   4617 2
   4618 2
   4619 2
   4620 2
   4621 2
   4622 2
   4623 2
   4624 2
   4625 2
   4626 2
   4627 2
   4628 2
   4629 2
   4630 2
   4631 2
   4632 2
   4633 2
   4634 2
   4635 2
   4636 2
   4637 2
   4638 2
   4639 2
   4640 2
   4641 2
   4642 2
   4643 2
   4644 2
   4645 2
   4646 2
   4647 2
   4648 2
   4649 2
   4650 2
   4651 2
   4652 2
   4653 2
   4654 2
   4655 2
   4656 2
   4657 2
   4658 2
   4659 2
   4660 2
   4661 2
   4662 2
   4663 2
   4664 2
   4665 2
   4666 2
   4667 2
   4668 2
   4669 2
   4670 2
   4671 2
   4672 2
   4673 2
   4674 2
   4675 2
   4676 2
   4677 2
   4678 2
   4679 2
   4680 2
   4681 2
   4682 2
   4683 2
   4684 2
   4685 2
   4686 2
   4687 2
   4688 2
   4689 2
   4690 2
   4691 2
   4692 2
   4693 2
   4694 2
   4695 2
   4696 2
   4697 2
   4698 2
   4699 2
   4700 2
   4701 2
   4702 2
   4703 2
   4704 2
   4705 2
   4706 2
   4707 2
   4708 2
   4709 2
   4710 2
   4711 2
   4712 2
   4713 2
   4714 2
   4715 2
   4716 2
   4717 2
   4718 2
   4719 2
   4720 2
   4721 2
   4722 2
   4723 2
   4724 2
   4725 2
   4726 2
   4727 2
   4728 2
   4729 2
   4730 2
   4731 2
   4732 2
   4733 2
   4734 2
   4735 2
   4736 2
   4737 2
   4738 2
   4739 2
   4740 2
   4741 2
   4742 2
   4743 2
   4744 2
   4745 2
   4746 2
   4747 2
   4748 2
   4749 2
   4750 2
   4751 2
   4752 2
   4753 2
   4754 2
   4755 2
   4756 2
   4757 2
   4758 2
   4759 2
   4760 2
   4761 2
   4762 2
   4763 2
   4764 2
   4765 2
   4766 2
   4767 2
   4768 2
   4769 2
   4770 2
   4771 2
   4772 2
   4773 2
   4774 2
   4775 2
   4776 2
   4777 2
   4778 2
   4779 2
   4780 2
   4781 2
   4782 2
   4783 2
   4784 2
   4785 2
   4786 2
   4787 2
   4788 2
   4789 2
   4790 2
   4791 2
   4792 2
   4793 2
   4794 2
   4795 2
   4796 2
   4797 2
   4798 2
   4799 2
   4800 2
   4801 2
   4802 2
   4803 3
   4804 3
   4805 3
   4806 3
   4807 3
   4808 3
   4809 3
   4810 3
   4811 3
   4812 3
   4813 3
   4814 3
   4815 3
   4816 3
   4817 3
   4818 3
   4819 3
   4820 3
   4821 3
   4822 3
   4823 3
   4824 3
   4825 3
   4826 3
   4827 3
   4828 3
   4829 3
   4830 3
   4831 3
   4832 3
   4833 3
   4834 3
   4835 3
   4836 3
   4837 3
   4838 3
   4839 3
   4840 3
   4841 3
   4842 3
   4843 3
   4844 3
   4845 3
   4846 3
   4847 3
   4848 3
   4849 3
   4850 3
   4851 3
   4852 3
   4853 3
   4854 3
   4855 3
   4856 3
   4857 3
   4858 3
   4859 3
   4860 3
   4861 3
   4862 3
   4863 3
   4864 3
   4865 3
   4866 3
   4867 3
   4868 3
   4869 3
   4870 3
   4871 3
   4872 3
   4873 3
   4874 3
   4875 3
   4876 3
   4877 3
   4878 3
   4879 3
   4880 3
   4881 3
   4882 3
   4883 3
   4884 3
   4885 3
   4886 3
   4887 3
   4888 3
   4889 3
   4890 3
   4891 3
   4892 3
   4893 3
   4894 3
   4895 3
   4896 3
   4897 3
   4898 3
   4899 3
   4900 3
   4901 3
   4902 3
   4903 3
   4904 3
   4905 3
   4906 3
   4907 3
   4908 3
   4909 3
   4910 3
   4911 3
   4912 3
   4913 3
   4914 3
   4915 3
   4916 3
   4917 3
   4918 3
   4919 3
   4920 3
   4921 3
   4922 3
   4923 3
   4924 3
   4925 3
   4926 3
   4927 3
   4928 3
   4929 3
   4930 3
   4931 3
   4932 3
   4933 3
   4934 3
   4935 3
   4936 3
   4937 3
   4938 3
   4939 3
   4940 3
   4941 3
   4942 3
   4943 3
   4944 3
   4945 3
   4946 3
   4947 3
   4948 3
   4949 3
   4950 3
   4951 3
   4952 3
   4953 3
   4954 3
   4955 3
   4956 3
   4957 3
   4958 3
   4959 3
   4960 3
   4961 3
   4962 3
   4963 3
   4964 3
   4965 3
   4966 3
   4967 3
   4968 3
   4969 3
   4970 3
   4971 3
   4972 3
   4973 3
   4974 3
   4975 3
   4976 3
   4977 3
   4978 3
   4979 3
   4980 3
   4981 3
   4982 3
   4983 3
   4984 3
   4985 3
   4986 3
   4987 3
   4988 3
   4989 3
   4990 3
   4991 3
   4992 3
   4993 3
   4994 3
   4995 3
   4996 3
   4997 3
   4998 3
   4999 3
   5000 3
   5001 3
   5002 3
   5003 3
   5004 3
   5005 3
   5006 3
   5007 3
   5008 3
   5009 3
   5010 3
   5011 3
   5012 3
   5013 3
   5014 3
   5015 3
   5016 3
   5017 3
   5018 3
   5019 3
   5020 3
   5021 3
   5022 3
   5023 3
   5024 3
   5025 3
   5026 3
   5027 3
   5028 3
   5029 3
   5030 3
   5031 3
   5032 3
   5033 3
   5034 3
   5035 3
   5036 3
   5037 3
   5038 3
   5039 3
   5040 3
   5041 3
   5042 3
   5043 3
   5044 3
   5045 3
   5046 3
   5047 3
   5048 3
   5049 3
   5050 3
   5051 3
   5052 3
   5053 3
   5054 3
   5055 3
   5056 3
   5057 3
   5058 3
   5059 3
   5060 3
   5061 3
   5062 3
   5063 3
   5064 3
   5065 3
   5066 3
   5067 3
   5068 3
   5069 3
   5070 3
   5071 3
   5072 3
   5073 3
   5074 3
   5075 3
   5076 3
   5077 3
   5078 3
   5079 3
   5080 3
   5081 3
   5082 3
   5083 3
   5084 3
   5085 4
   5086 4
   5087 4
   5088 4
   5089 4
   5090 4
   5091 4
   5092 4
   5093 4
   5094 4
   5095 4
   5096 4
   5097 4
   5098 4
   5099 4
   5100 4
   5101 4
   5102 4
   5103 4
   5104 4
   5105 4
   5106 4
   5107 4
   5108 4
   5109 4
   5110 4
   5111 4
   5112 4
   5113 4
   5114 4
   5115 4
   5116 4
   5117 4
   5118 4
   5119 4
   5120 4
   5121 4
   5122 4
   5123 4
   5124 4
   5125 4
   5126 4
   5127 4
   5128 4
   5129 4
   5130 4
   5131 4
   5132 4
   5133 4
   5134 4
   5135 4
   5136 4
   5137 4
   5138 4
   5139 4
   5140 4
   5141 4
   5142 4
   5143 4
   5144 4
   5145 4
   5146 4
   5147 4
   5148 4
   5149 4
   5150 4
   5151 4
   5152 4
   5153 4
   5154 4
   5155 4
   5156 4
   5157 4
   5158 4
   5159 4
   5160 4
   5161 4
   5162 4
   5163 4
   5164 4
   5165 4
   5166 4
   5167 4
   5168 4
   5169 4
   5170 4
   5171 4
   5172 4
   5173 4
   5174 4
   5175 4
   5176 4
   5177 4
   5178 4
   5179 4
   5180 4
   5181 4
   5182 4
   5183 4
   5184 4
   5185 4
   5186 4
   5187 4
   5188 4
   5189 4
   5190 4
   5191 4
   5192 4
   5193 4
   5194 4
   5195 4
   5196 4
   5197 4
   5198 4
   5199 4
   5200 4
   5201 4
   5202 4
   5203 4
   5204 4
   5205 4
   5206 4
   5207 4
   5208 4
   5209 4
   5210 4
   5211 4
   5212 4
   5213 4
   5214 4
   5215 4
   5216 4
   5217 4
   5218 4
   5219 4
   5220 4
   5221 4
   5222 4
   5223 4
   5224 4
   5225 4
   5226 4
   5227 4
   5228 4
   5229 4
   5230 4
   5231 4
   5232 4
   5233 4
   5234 4
   5235 4
   5236 4
   5237 4
   5238 4
   5239 4
   5240 4
   5241 4
   5242 4
   5243 4
   5244 4
   5245 4
   5246 4
   5247 4
   5248 4
   5249 4
   5250 4
   5251 4
   5252 4
   5253 4
   5254 4
   5255 4
   5256 4
   5257 4
   5258 4
   5259 4
   5260 4
   5261 4
   5262 4
   5263 4
   5264 4
   5265 4
   5266 4
   5267 4
   5268 4
   5269 4
   5270 4
   5271 4
   5272 4
   5273 4
   5274 4
   5275 4
   5276 4
   5277 4
   5278 4
   5279 4
   5280 4
   5281 4
   5282 4
   5283 4
   5284 4
   5285 4
   5286 4
   5287 4
   5288 4
   5289 4
   5290 4
   5291 4
   5292 4
   5293 4
   5294 4
   5295 4
   5296 4
   5297 4
   5298 4
   5299 4
   5300 4
   5301 4
   5302 4
   5303 4
   5304 4
   5305 4
   5306 4
   5307 4
   5308 4
   5309 4
   5310 4
   5311 4
   5312 4
   5313 4
   5314 4
   5315 4
   5316 4
   5317 4
   5318 4
   5319 4
   5320 4
   5321 4
   5322 4
   5323 4
   5324 4
   5325 4
   5326 4
   5327 4
   5328 4
   5329 4
   5330 4
   5331 4
   5332 4
   5333 4
   5334 4
   5335 4
   5336 4
   5337 4
   5338 4
   5339 4
   5340 4
   5341 4
   5342 4
   5343 4
   5344 4
   5345 4
   5346 4
   5347 4
   5348 4
   5349 4
   5350 4
   5351 4
   5352 4
   5353 4
   5354 4
   5355 4
   5356 4
   5357 4
   5358 4
   5359 4
   5360 4
   5361 4
   5362 4
   5363 4
   5364 4
   5365 4
   5366 4
  END_ELEMENTS
  BOUNDARIES
    1	1	
    2	1	
    3	1	
    4	1	
    5	1	
    6	1	
    7	1	
    8	1	
    9	1	
    10	1	
    11	1	
    12	1	
    13	1	
    14	1	
    15	1	
    16	1	
    17	1	
    18	1	
    19	1	
    20	1	
    21	1	
    22	2	
    23	2	
    24	2	
    25	2	
    26	2	
    27	2	
    28	2	
    29	2	
    30	1	
    31	1	
    32	2	
    33	2	
    34	1	
    35	1	
    36	2	
    37	2	
    38	2	
    39	2	
    40	1	
    41	1	
    42	2	
    43	2	
    44	1	
    45	1	
    46	2	
    47	2	
    48	1	
    49	1	
    50	2	
    51	2	
    52	1	
    53	1	
    54	2	
    55	2	
    56	1	
    57	1	
    58	2	
    59	2	
    60	1	
    61	1	
    62	2	
    63	2	
    64	1	
    65	1	
    66	2	
    67	2	
    68	1	
    69	1	
    70	2	
    71	2	
    72	1	
    73	1	
    74	2	
    75	2	
    76	1	
    77	1	
    78	2	
    79	2	
    80	1	
    81	1	
    82	2	
    83	2	
    84	1	
    85	1	
    86	2	
    87	2	
    88	1	
    89	1	
    90	2	
    91	2	
    92	1	
    93	1	
    94	2	
    95	2	
    96	1	
    97	1	
    98	2	
    99	2	
    100	1	
    101	1	
    102	2	
    103	2	
    104	1	
    105	1	
    106	1	
    107	1	
    108	2	
    109	2	
    110	1	
    111	1	
    112	2	
    113	2	
    114	1	
    115	1	
    116	2	
    117	2	
    118	1	
    119	1	
    120	2	
    121	2	
    122	1	
    123	1	
    124	2	
    125	2	
    126	1	
    127	1	
    128	2	
    129	2	
    130	1	
    131	1	
    132	2	
    133	2	
    134	1	
    135	1	
    136	2	
    137	2	
    138	1	
    139	1	
    140	2	
    141	2	
    142	1	
    143	1	
    144	2	
    145	2	
    146	1	
    147	1	
    148	2	
    149	2	
    150	1	
    151	1	
    152	2	
    153	2	
    154	1	
    155	1	
    156	2	
    157	2	
    158	1	
    159	1	
    160	2	
    161	2	
    162	1	
    163	1	
    164	2	
    165	2	
    166	1	
    167	1	
    168	2	
    169	2	
    170	1	
    171	1	
    172	2	
    173	2	
    174	1	
    175	1	
    176	2	
    177	2	
    178	1	
    179	1	
    180	2	
    181	2	
    182	1	
    183	1	
    184	2	
    185	2	
    186	2	
    187	2	
    188	1	
    189	1	
    190	2	
    191	2	
    192	1	
    193	1	
    194	2	
    195	2	
    196	1	
    197	1	
    198	2	
    199	2	
    200	1	
    201	1	
    202	2	
    203	2	
    204	2	
    205	2	
    206	1	
    207	1	
    208	2	
    209	2	
    210	2	
    211	2	
    212	1	
    213	1	
    214	2	
    215	2	
    216	1	
    217	1	
    218	2	
    219	2	
    220	2	
    221	2	
    222	1	
    223	1	
    224	2	
    225	2	
    226	2	
    227	2	
    228	2	
    229	2	
    230	1	
    231	1	
    232	2	
    233	2	
    234	2	
    235	2	
    236	2	
    237	2	
    238	2	
    239	2	
    240	2	
    241	2	
    242	2	
    243	2	
    244	1	
    245	1	
    246	1	
    247	1	
    248	1	
    249	1	
    250	1	
    251	1	
    252	1	
    253	1	
    254	1	
    255	1	
    256	4	
    257	7	
    258	4	
    259	8	
    260	4	
    261	8	
    262	4	
    263	8	
    264	4	
    265	8	
    266	4	
    267	8	
    268	4	
    269	8	
    270	1	
    271	1	
    272	4	
    273	8	
    274	4	
    275	8	
    276	4	
    277	8	
    278	4	
    279	8	
    280	4	
    281	8	
    282	4	
    283	8	
    284	4	
    285	8	
    286	4	
    287	8	
    288	4	
    289	8	
    290	5	
    291	7	
    292	4	
    293	8	
    294	4	
    295	8	
    296	4	
    297	8	
    298	1	
    299	1	
    300	4	
    301	8	
    302	4	
    303	8	
    304	4	
    305	8	
    306	4	
    307	8	
    308	5	
    309	7	
    310	4	
    311	8	
    312	3	
    313	8	
    314	1	
    315	1	
    316	5	
    317	7	
    318	3	
    319	9	
    320	1	
    321	1	
    322	5	
    323	7	
    324	3	
    325	9	
    326	1	
    327	1	
    328	5	
    329	10	
    330	6	
    331	10	
    332	6	
    333	10	
    334	6	
    335	10	
    336	6	
    337	10	
    338	6	
    339	10	
    340	6	
    341	10	
    342	6	
    343	10	
    344	3	
    345	9	
    346	6	
    347	10	
    348	6	
    349	10	
    350	6	
    351	10	
    352	6	
    353	10	
    354	1	
    355	1	
    356	6	
    357	10	
    358	6	
    359	10	
    360	6	
    361	10	
    362	6	
    363	10	
    364	6	
    365	10	
    366	6	
    367	10	
    368	3	
    369	9	
    370	6	
    371	10	
    372	6	
    373	10	
    374	1	
    375	1	
    376	6	
    377	10	
    378	6	
    379	10	
    380	6	
    381	10	
    382	6	
    383	10	
    384	6	
    385	9	
    386	1	
    387	1	
    388	1	
    389	1	
    390	1	
    391	1	
    392	1	
    393	1	
    394	1	
    395	1	
    396	1	
    397	1	
    398	1	
    399	1	
    400	1	
    401	1	
    402	1	
    403	1	
    404	1	
    405	1	
    406	1	
    407	1	
    408	1	
    409	1	
    410	1	
    411	1	
    412	1	
    413	1	
    414	1	
    415	1	
    416	1	
    417	1	
    418	1	
    419	1	
    420	1	
    421	1	
    422	1	
    423	1	
    424	1	
    425	1	
    426	1	
    427	1	
    428	1	
    429	1	
    430	1	
  END_BOUNDARIES
  NODES
  END_NODES
