  ON_BOUNDARIES, UNKNOWN
 1  2  1 2  1	
 2  2  2 6  1	
 3  2  3 1  1	
 4  2  4 3  3	
 5  2  5 3  5	
 6  2  6 11  1	
 7  2  7 4  3	
 8  2  10 5  5	
 9  2  11 17  1	
 10  2  12 7  3	
 11  2  16 10  5	
 12  2  16 18  3	
 13  2  17 23  1	
 14  2  18 21  3	
 15  2  19 12  3	
 16  2  21 24  3	
 17  2  23 33  1	
 18  2  24 30  3	
 19  2  25 16  1	
 20  2  26 19  3	
 21  2  27 25  1	
 22  2  29 27  1	
 23  2  30 36  3	
 24  2  32 29  1	
 25  2  33 39  1	
 26  2  34 26  3	
 27  2  36 42  3	
 28  2  37 32  1	
 29  2  39 46  1	
 30  2  40 43  5	
 31  2  40 34  3	
 32  2  41 37  1	
 33  2  42 48  3	
 34  2  43 44  5	
 35  2  44 48  5	
 36  2  45 41  1	
 37  2  46 51  1	
 38  2  47 40  1	
 39  2  48 50  1	
 40  2  49 45  1	
 41  2  50 54  1	
 42  2  51 55  1	
 43  2  52 47  1	
 44  2  53 49  1	
 45  2  54 58  1	
 46  2  55 59  1	
 47  2  56 52  1	
 48  2  57 53  1	
 49  2  58 62  1	
 50  2  59 63  1	
 51  2  60 56  1	
 52  2  61 57  1	
 53  2  62 66  1	
 54  2  63 67  1	
 55  2  64 60  1	
 56  2  65 61  1	
 57  2  66 70  1	
 58  2  67 71  1	
 59  2  68 64  1	
 60  2  69 65  1	
 61  2  70 74  1	
 62  2  71 75  1	
 63  2  72 68  1	
 64  2  73 69  1	
 65  2  74 78  1	
 66  2  75 80  1	
 67  2  76 73  1	
 68  2  77 72  1	
 69  2  78 82  1	
 70  2  79 76  1	
 71  2  80 84  1	
 72  2  81 77  1	
 73  2  82 86  1	
 74  2  83 79  1	
 75  2  84 88  1	
 76  2  85 81  1	
 77  2  86 90  1	
 78  2  87 83  1	
 79  2  88 92  1	
 80  2  89 85  1	
 81  2  90 94  1	
 82  2  91 87  1	
 83  2  92 96  1	
 84  2  93 89  1	
 85  2  94 98  1	
 86  2  95 91  1	
 87  2  96 100  1	
 88  2  97 93  1	
 89  2  98 102  1	
 90  2  99 95  1	
 91  2  100 104  1	
 92  2  101 97  1	
 93  2  102 106  1	
 94  2  103 99  1	
 95  2  104 108  1	
 96  2  105 101  1	
 97  2  106 110  1	
 98  2  107 103  1	
 99  2  108 113  1	
 100  2  109 105  1	
 101  2  110 114  1	
 102  2  111 107  1	
 103  2  112 109  1	
 104  2  113 117  1	
 105  2  114 118  1	
 106  2  115 111  1	
 107  2  116 112  1	
 108  2  117 121  1	
 109  2  118 122  1	
 110  2  119 115  1	
 111  2  120 116  1	
 112  2  121 125  1	
 113  2  122 126  1	
 114  2  123 119  1	
 115  2  124 120  1	
 116  2  125 129  1	
 117  2  126 130  1	
 118  2  127 123  1	
 119  2  128 124  1	
 120  2  129 133  1	
 121  2  130 134  1	
 122  2  131 127  1	
 123  2  132 128  1	
 124  2  133 137  1	
 125  2  134 138  1	
 126  2  135 131  1	
 127  2  136 132  1	
 128  2  137 141  1	
 129  2  138 142  1	
 130  2  139 135  1	
 131  2  140 136  1	
 132  2  141 145  1	
 133  2  142 146  1	
 134  2  143 139  1	
 135  2  144 140  1	
 136  2  145 148  1	
 137  2  146 150  1	
 138  2  147 143  1	
 139  2  148 152  1	
 140  2  149 144  1	
 141  2  150 154  1	
 142  2  151 147  1	
 143  2  152 156  1	
 144  2  153 149  1	
 145  2  154 158  1	
 146  2  155 151  1	
 147  2  156 160  1	
 148  2  157 153  1	
 149  2  158 162  1	
 150  2  159 155  1	
 151  2  160 164  1	
 152  2  161 157  1	
 153  2  162 167  1	
 154  2  163 159  1	
 155  2  164 168  1	
 156  2  165 161  1	
 157  2  166 163  1	
 158  2  167 171  1	
 159  2  168 172  1	
 160  2  169 165  1	
 161  2  170 166  1	
 162  2  171 175  1	
 163  2  172 176  1	
 164  2  173 170  1	
 165  2  174 169  1	
 166  2  175 179  1	
 167  2  176 180  1	
 168  2  177 173  1	
 169  2  178 174  1	
 170  2  179 183  1	
 171  2  180 184  1	
 172  2  181 177  1	
 173  2  182 178  1	
 174  2  183 187  1	
 175  2  184 188  1	
 176  2  185 181  1	
 177  2  186 182  1	
 178  2  187 191  1	
 179  2  188 190  1	
 180  2  189 185  1	
 181  2  190 194  1	
 182  2  191 195  1	
 183  2  192 186  1	
 184  2  193 189  1	
 185  2  194 198  1	
 186  2  195 199  1	
 187  2  196 192  1	
 188  2  197 193  1	
 189  2  198 202  1	
 190  2  199 204  1	
 191  2  200 197  1	
 192  2  201 196  1	
 193  2  202 206  1	
 194  2  203 200  1	
 195  2  204 208  1	
 196  2  205 201  1	
 197  2  206 210  1	
 198  2  207 203  1	
 199  2  208 212  1	
 200  2  209 205  1	
 201  2  210 214  1	
 202  2  211 207  1	
 203  2  212 216  1	
 204  2  213 209  1	
 205  2  214 217  1	
 206  2  215 211  1	
 207  2  216 220  1	
 208  2  217 221  1	
 209  2  218 213  1	
 210  2  219 215  1	
 211  2  220 224  1	
 212  2  221 225  1	
 213  2  222 219  1	
 214  2  223 218  1	
 215  2  224 228  1	
 216  2  225 230  1	
 217  2  226 222  1	
 218  2  227 223  1	
 219  2  228 232  1	
 220  2  229 226  1	
 221  2  230 234  1	
 222  2  231 227  1	
 223  2  232 238  1	
 224  2  233 229  1	
 225  2  234 237  1	
 226  2  235 231  1	
 227  2  236 233  1	
 228  2  237 241  1	
 229  2  238 242  1	
 230  2  239 236  1	
 231  2  240 235  1	
 232  2  241 244  1	
 233  2  242 246  1	
 234  2  243 239  1	
 235  2  244 248  1	
 236  2  245 240  1	
 237  2  246 249  1	
 238  2  247 243  1	
 239  2  248 252  1	
 240  2  249 253  1	
 241  2  250 245  1	
 242  2  251 247  1	
 243  2  252 256  1	
 244  2  253 258  1	
 245  2  254 250  1	
 246  2  255 251  1	
 247  2  256 261  1	
 248  2  258 270  1	
 249  2  259 255  1	
 250  2  260 254  1	
 251  2  261 279  1	
 252  2  262 265  1	
 253  2  263 259  1	
 254  2  264 262  1	
 255  2  265 267  1	
 256  2  266 264  1	
 257  2  267 269  1	
 258  2  268 266  1	
 259  2  269 272  1	
 260  2  270 304  1	
 261  2  271 268  1	
 262  2  272 274  1	
 263  2  273 271  1	
 264  2  274 276  1	
 265  2  275 273  1	
 266  2  276 278  1	
 267  2  277 275  1	
 268  2  278 281  1	
 269  2  279 312  1	
 270  2  280 277  1	
 271  2  281 284  1	
 272  2  282 260  1	
 273  2  283 280  1	
 274  2  284 287  1	
 275  2  286 283  1	
 276  2  287 298  1	
 277  2  289 263  1	
 278  2  297 286  1	
 279  2  298 305  1	
 280  2  303 297  1	
 281  2  304 334  1	
 282  2  305 311  1	
 283  2  310 303  1	
 284  2  311 316  1	
 285  2  312 338  1	
 286  2  314 310  1	
 287  2  316 323  1	
 288  2  318 282  1	
 289  2  321 289  1	
 290  2  322 314  1	
 291  2  323 329  1	
 292  2  328 322  1	
 293  2  329 341  1	
 294  2  334 357  1	
 295  2  337 328  1	
 296  2  338 359  1	
 297  2  341 348  1	
 298  2  347 337  1	
 299  2  348 321  1	
 300  2  352 318  1	
 301  2  353 347  1	
 302  2  357 381  1	
 303  2  358 353  1	
 304  2  359 379  1	
 305  2  365 358  1	
 306  2  373 365  1	
 307  2  377 352  1	
 308  2  379 397  1	
 309  2  381 401  1	
 310  2  382 373  1	
 311  2  387 382  1	
 312  2  395 387  1	
 313  2  397 417  1	
 314  2  400 377  1	
 315  2  401 428  1	
 316  2  405 395  1	
 317  2  415 405  1	
 318  2  417 450  1	
 319  2  428 468  1	
 320  2  432 415  1	
 321  2  433 400  1	
 322  2  443 432  1	
 323  2  450 472  1	
 324  2  452 454  1	
 325  2  453 452  1	
 326  2  454 456  1	
 327  2  455 453  1	
 328  2  456 458  1	
 329  2  457 455  1	
 330  2  458 461  1	
 331  2  459 457  1	
 332  2  461 464  1	
 333  2  463 459  1	
 334  2  464 471  1	
 335  2  468 501  1	
 336  2  469 443  1	
 337  2  470 463  1	
 338  2  471 475  1	
 339  2  472 490  1	
 340  2  474 470  1	
 341  2  475 480  1	
 342  2  478 433  1	
 343  2  479 474  1	
 344  2  480 483  1	
 345  2  482 479  1	
 346  2  483 491  1	
 347  2  486 469  1	
 348  2  489 482  1	
 349  2  490 507  1	
 350  2  491 497  1	
 351  2  496 489  1	
 352  2  497 502  1	
 353  2  499 496  1	
 354  2  501 529  1	
 355  2  502 513  1	
 356  2  503 486  1	
 357  2  507 523  1	
 358  2  511 499  1	
 359  2  513 516  1	
 360  2  514 478  1	
 361  2  515 511  1	
 362  2  516 525  1	
 363  2  518 503  1	
 364  2  523 535  1	
 365  2  524 515  1	
 366  2  525 533  1	
 367  2  529 553  1	
 368  2  531 524  1	
 369  2  533 540  1	
 370  2  534 518  1	
 371  2  535 550  1	
 372  2  539 531  1	
 373  2  540 547  1	
 374  2  542 514  1	
 375  2  544 539  1	
 376  2  547 554  1	
 377  2  548 534  1	
 378  2  550 563  1	
 379  2  552 544  1	
 380  2  553 573  1	
 381  2  554 564  1	
 382  2  561 548  1	
 383  2  562 552  1	
 384  2  563 572  1	
 385  2  564 569  1	
 386  2  566 562  1	
 387  2  567 542  1	
 388  2  569 578  1	
 389  2  571 561  1	
 390  2  572 586  1	
 391  2  573 591  1	
 392  2  575 566  1	
 393  2  578 587  1	
 394  2  584 575  1	
 395  2  585 571  1	
 396  2  586 597  1	
 397  2  587 595  1	
 398  2  589 567  1	
 399  2  591 584  1	
 400  2  595 610  1	
 401  2  596 585  1	
 402  2  597 621  1	
 403  2  598 599  1	
 404  2  599 601  1	
 405  2  600 598  1	
 406  2  601 603  1	
 407  2  602 600  1	
 408  2  603 605  1	
 409  2  604 602  1	
 410  2  605 607  1	
 411  2  606 604  1	
 412  2  607 614  1	
 413  2  609 606  1	
 414  2  610 626  1	
 415  2  614 617  1	
 416  2  615 609  1	
 417  2  617 619  1	
 418  2  618 615  1	
 419  2  619 625  1	
 420  2  620 596  1	
 421  2  621 652  1	
 422  2  622 618  1	
 423  2  625 631  1	
 424  2  626 647  1	
 425  2  627 622  1	
 426  2  629 589  1	
 427  2  631 642  1	
 428  2  633 627  1	
 429  2  642 654  1	
 430  2  646 633  1	
 431  2  647 669  1	
 432  2  651 620  1	
 433  2  652 676  1	
 434  2  654 658  1	
 435  2  655 646  1	
 436  2  658 670  1	
 437  2  665 655  1	
 438  2  669 686  1	
 439  2  670 681  1	
 440  2  674 665  1	
 441  2  676 702  1	
 442  2  677 651  1	
 443  2  678 629  1	
 444  2  681 692  1	
 445  2  685 674  1	
 446  2  686 707  1	
 447  2  692 705  1	
 448  2  697 685  1	
 449  2  702 724  1	
 450  2  703 677  1	
 451  2  705 712  1	
 452  2  707 722  1	
 453  2  708 697  1	
 454  2  712 726  1	
 455  2  717 678  1	
 456  2  718 708  1	
 457  2  722 745  1	
 458  2  724 750  1	
 459  2  726 736  1	
 460  2  728 703  1	
 461  2  732 718  1	
 462  2  736 751  1	
 463  2  743 732  1	
 464  2  745 766  1	
 465  2  750 775  1	
 466  2  751 767  1	
 467  2  752 728  1	
 468  2  755 717  1	
 469  2  759 743  1	
 470  2  766 786  1	
 471  2  767 781  1	
 472  2  771 759  1	
 473  2  775 799  1	
 474  2  776 752  1	
 475  2  781 795  1	
 476  2  786 805  1	
 477  2  788 771  1	
 478  2  793 755  1	
 479  2  795 811  1	
 480  2  799 825  1	
 481  2  802 788  1	
 482  2  803 776  1	
 483  2  805 828  1	
 484  2  811 824  1	
 485  2  820 802  1	
 486  2  824 848  1	
 487  2  825 858  1	
 488  2  828 855  1	
 489  2  830 793  1	
 490  2  832 803  1	
 491  2  838 820  1	
 492  2  848 865  1	
 493  2  855 874  1	
 494  2  856 838  1	
 495  2  858 883  1	
 496  2  861 832  1	
 497  2  865 882  1	
 498  2  868 830  1	
 499  2  873 856  1	
 500  2  874 905  1	
 501  2  882 907  1	
 502  2  883 914  1	
 503  2  888 861  1	
 504  2  895 873  1	
 505  2  905 933  1	
 506  2  907 926  1	
 507  2  910 868  1	
 508  2  913 895  1	
 509  2  914 942  1	
 510  2  921 888  1	
 511  2  926 947  1	
 512  2  933 958  1	
 513  2  934 913  1	
 514  2  942 974  1	
 515  2  947 910  1	
 516  2  952 921  1	
 517  2  958 984  1	
 518  2  960 934  1	
 519  2  974 1005  1	
 520  2  977 960  1	
 521  2  980 952  1	
 522  2  984 1008  1	
 523  2  1001 977  1	
 524  2  1005 1035  1	
 525  2  1008 1036  1	
 526  2  1009 980  1	
 527  2  1024 1001  1	
 528  2  1035 1060  1	
 529  2  1036 1059  1	
 530  2  1041 1009  1	
 531  2  1047 1024  1	
 532  2  1059 1087  1	
 533  2  1060 1096  1	
 534  2  1070 1047  1	
 535  2  1073 1041  1	
 536  2  1087 1117  1	
 537  2  1094 1070  1	
 538  2  1096 1124  1	
 539  2  1103 1073  1	
 540  2  1116 1094  1	
 541  2  1117 1146  1	
 542  2  1124 1157  1	
 543  2  1131 1103  1	
 544  2  1144 1116  1	
 545  2  1146 1178  1	
 546  2  1157 1191  1	
 547  2  1167 1131  1	
 548  2  1172 1144  1	
 549  2  1178 1209  1	
 550  2  1191 1222  1	
 551  2  1198 1172  1	
 552  2  1202 1167  1	
 553  2  1209 1237  1	
 554  2  1222 1259  1	
 555  2  1224 1198  1	
 556  2  1234 1202  1	
 557  2  1237 1273  1	
 558  2  1256 1224  1	
 559  2  1259 1292  1	
 560  2  1268 1234  1	
 561  2  1273 1302  1	
 562  2  1283 1256  1	
 563  2  1292 1331  1	
 564  2  1302 1339  1	
 565  2  1303 1268  1	
 566  2  1313 1283  1	
 567  2  1331 1365  1	
 568  2  1339 1370  1	
 569  2  1342 1303  1	
 570  2  1344 1313  1	
 571  2  1365 1404  1	
 572  2  1370 1414  1	
 573  2  1376 1344  1	
 574  2  1379 1342  1	
 575  2  1404 1440  1	
 576  2  1413 1376  1	
 577  2  1414 1444  1	
 578  2  1419 1379  1	
 579  2  1440 1476  1	
 580  2  1443 1413  1	
 581  2  1444 1481  1	
 582  2  1457 1419  1	
 583  2  1473 1443  1	
 584  2  1476 1517  1	
 585  2  1481 1521  1	
 586  2  1497 1457  1	
 587  2  1505 1473  1	
 588  2  1517 1555  1	
 589  2  1521 1557  1	
 590  2  1534 1497  1	
 591  2  1544 1505  1	
 592  2  1555 1605  1	
 593  2  1557 1603  1	
 594  2  1580 1534  1	
 595  2  1585 1544  1	
 596  2  1597 1580  1	
 597  2  1603 1657  1	
 598  2  1605 1661  1	
 599  2  1613 1616  2	
 600  2  1615 1613  2	
 601  2  1616 1620  2	
 602  2  1619 1615  2	
 603  2  1620 1623  2	
 604  2  1622 1619  2	
 605  2  1623 1628  2	
 606  2  1626 1622  2	
 607  2  1628 1633  2	
 608  2  1631 1597  1	
 609  2  1632 1626  2	
 610  2  1633 1642  2	
 611  2  1636 1585  1	
 612  2  1640 1632  2	
 613  2  1642 1649  2	
 614  2  1648 1640  2	
 615  2  1649 1658  2	
 616  2  1655 1648  2	
 617  2  1657 1716  1	
 618  2  1658 1670  2	
 619  2  1661 1725  1	
 620  2  1664 1631  1	
 621  2  1667 1655  2	
 622  2  1670 1683  2	
 623  2  1681 1667  2	
 624  2  1683 1700  2	
 625  2  1687 1636  1	
 626  2  1697 1681  2	
 627  2  1700 1723  2	
 628  2  1709 1664  1	
 629  2  1716 1762  1	
 630  2  1718 1697  2	
 631  2  1723 1734  2	
 632  2  1725 1770  1	
 633  2  1733 1718  2	
 634  2  1734 1753  2	
 635  2  1738 1687  1	
 636  2  1740 1709  1	
 637  2  1748 1733  2	
 638  2  1753 1767  2	
 639  2  1762 1740  1	
 640  2  1765 1748  2	
 641  2  1767 1787  2	
 642  2  1770 1820  1	
 643  2  1782 1765  2	
 644  2  1784 1738  1	
 645  2  1787 1810  2	
 646  2  1807 1782  2	
 647  2  1810 1824  2	
 648  2  1820 1858  1	
 649  2  1822 1807  2	
 650  2  1824 1844  2	
 651  2  1827 1784  1	
 652  2  1840 1822  2	
 653  2  1844 1859  2	
 654  2  1857 1840  2	
 655  2  1858 1910  1	
 656  2  1859 1894  2	
 657  2  1863 1827  1	
 658  2  1889 1906  1	
 659  2  1890 1857  2	
 660  2  1894 1911  2	
 661  2  1906 1927  1	
 662  2  1909 1890  2	
 663  2  1910 1953  1	
 664  2  1911 1936  2	
 665  2  1913 1863  1	
 666  2  1927 1952  1	
 667  2  1931 1889  1	
 668  2  1933 1909  2	
 669  2  1936 1966  2	
 670  2  1952 1995  1	
 671  2  1953 2008  1	
 672  2  1955 1913  1	
 673  2  1957 1933  2	
 674  2  1966 1993  2	
 675  2  1985 1931  1	
 676  2  1989 1957  2	
 677  2  1993 2017  2	
 678  2  1995 2030  1	
 679  2  2004 1955  1	
 680  2  2008 2057  1	
 681  2  2013 1989  2	
 682  2  2017 2045  2	
 683  2  2030 2068  1	
 684  2  2031 1985  1	
 685  2  2041 2013  2	
 686  2  2045 2081  2	
 687  2  2048 2004  1	
 688  2  2057 2107  1	
 689  2  2068 2096  1	
 690  2  2077 2041  2	
 691  2  2081 2111  2	
 692  2  2082 2031  1	
 693  2  2096 2122  1	
 694  2  2098 2048  1	
 695  2  2107 2163  1	
 696  2  2108 2077  2	
 697  2  2111 2143  2	
 698  2  2122 2149  1	
 699  2  2127 2082  1	
 700  2  2137 2108  2	
 701  2  2143 2178  2	
 702  2  2149 2098  1	
 703  2  2163 2210  1	
 704  2  2176 2137  2	
 705  2  2178 2213  2	
 706  2  2181 2127  1	
 707  2  2209 2176  2	
 708  2  2210 2266  1	
 709  2  2213 2253  2	
 710  2  2235 2181  1	
 711  2  2247 2209  2	
 712  2  2253 2284  2	
 713  2  2266 2313  1	
 714  2  2278 2247  2	
 715  2  2283 2235  1	
 716  2  2284 2324  2	
 717  2  2313 2369  1	
 718  2  2319 2278  2	
 719  2  2324 2365  2	
 720  2  2338 2283  1	
 721  2  2358 2319  2	
 722  2  2365 2405  2	
 723  2  2369 2418  1	
 724  2  2389 2338  1	
 725  2  2398 2358  2	
 726  2  2405 2444  2	
 727  2  2418 2474  1	
 728  2  2438 2398  2	
 729  2  2444 2486  2	
 730  2  2445 2389  1	
 731  2  2474 2529  1	
 732  2  2480 2438  2	
 733  2  2486 2531  2	
 734  2  2497 2445  1	
 735  2  2524 2480  2	
 736  2  2529 2587  1	
 737  2  2531 2574  2	
 738  2  2549 2497  1	
 739  2  2568 2524  2	
 740  2  2574 2616  2	
 741  2  2587 2640  1	
 742  2  2611 2549  1	
 743  2  2614 2568  2	
 744  2  2616 2662  2	
 745  2  2640 2692  1	
 746  2  2656 2614  2	
 747  2  2662 2706  2	
 748  2  2664 2611  1	
 749  2  2692 2746  1	
 750  2  2699 2656  2	
 751  2  2706 2755  2	
 752  2  2717 2664  1	
 753  2  2746 2799  1	
 754  2  2747 2699  2	
 755  2  2755 2796  2	
 756  2  2770 2717  1	
 757  2  2793 2747  2	
 758  2  2796 2843  2	
 759  2  2799 2859  1	
 760  2  2821 2770  1	
 761  2  2833 2793  2	
 762  2  2843 2892  2	
 763  2  2859 2904  1	
 764  2  2875 2821  1	
 765  2  2883 2833  2	
 766  2  2892 2945  2	
 767  2  2904 2968  1	
 768  2  2932 2875  1	
 769  2  2933 2883  2	
 770  2  2945 2989  2	
 771  2  2968 3019  1	
 772  2  2981 2933  2	
 773  2  2988 2932  1	
 774  2  2989 3045  2	
 775  2  3019 3079  1	
 776  2  3034 2981  2	
 777  2  3045 3094  2	
 778  2  3051 2988  1	
 779  2  3079 3129  1	
 780  2  3090 3034  2	
 781  2  3094 3150  2	
 782  2  3105 3051  1	
 783  2  3129 3186  1	
 784  2  3137 3090  2	
 785  2  3150 3195  2	
 786  2  3163 3105  1	
 787  2  3185 3137  2	
 788  2  3186 3250  1	
 789  2  3195 3253  2	
 790  2  3216 3163  1	
 791  2  3244 3185  2	
 792  2  3250 3307  1	
 793  2  3253 3304  2	
 794  2  3273 3216  1	
 795  2  3295 3244  2	
 796  2  3304 3359  2	
 797  2  3307 3367  1	
 798  2  3335 3273  1	
 799  2  3352 3295  2	
 800  2  3359 3413  2	
 801  2  3367 3422  1	
 802  2  3392 3335  1	
 803  2  3407 3352  2	
 804  2  3413 3471  2	
 805  2  3422 3488  1	
 806  2  3453 3392  1	
 807  2  3463 3407  2	
 808  2  3471 3526  2	
 809  2  3488 3541  1	
 810  2  3513 3453  1	
 811  2  3522 3463  2	
 812  2  3526 3583  2	
 813  2  3541 3605  1	
 814  2  3571 3513  1	
 815  2  3573 3522  2	
 816  2  3583 3643  2	
 817  2  3605 3666  1	
 818  2  3631 3571  1	
 819  2  3634 3573  2	
 820  2  3643 3698  2	
 821  2  3666 3720  1	
 822  2  3685 3631  1	
 823  2  3689 3634  2	
 824  2  3698 3760  2	
 825  2  3720 3782  1	
 826  2  3751 3685  1	
 827  2  3753 3689  2	
 828  2  3760 3812  2	
 829  2  3782 3837  1	
 830  2  3806 3751  1	
 831  2  3807 3753  2	
 832  2  3812 3877  2	
 833  2  3837 3903  1	
 834  2  3871 3807  2	
 835  2  3872 3806  1	
 836  2  3877 3929  2	
 837  2  3903 3965  1	
 838  2  3923 3871  2	
 839  2  3924 3872  1	
 840  2  3929 4000  2	
 841  2  3965 4019  1	
 842  2  3992 3923  2	
 843  2  3994 3924  1	
 844  2  4000 4050  2	
 845  2  4019 4085  1	
 846  2  4042 3992  2	
 847  2  4044 3994  1	
 848  2  4050 4117  2	
 849  2  4085 4141  1	
 850  2  4106 4042  2	
 851  2  4109 4044  1	
 852  2  4117 4185  2	
 853  2  4141 4209  1	
 854  2  4172 4106  2	
 855  2  4179 4109  1	
 856  2  4185 4242  2	
 857  2  4209 4266  1	
 858  2  4233 4172  2	
 859  2  4234 4179  1	
 860  2  4242 4310  2	
 861  2  4266 4329  1	
 862  2  4300 4233  2	
 863  2  4305 4234  1	
 864  2  4310 4363  2	
 865  2  4329 4396  1	
 866  2  4353 4300  2	
 867  2  4359 4305  1	
 868  2  4363 4431  2	
 869  2  4396 4456  1	
 870  2  4424 4353  2	
 871  2  4427 4359  1	
 872  2  4431 4491  2	
 873  2  4456 4516  1	
 874  2  4480 4424  2	
 875  2  4481 4427  1	
 876  2  4491 4553  2	
 877  2  4516 4574  1	
 878  2  4550 4481  1	
 879  2  4551 4480  2	
 880  2  4553 4618  2	
 881  2  4574 4641  1	
 882  2  4608 4550  1	
 883  2  4612 4551  2	
 884  2  4618 4671  2	
 885  2  4641 4694  1	
 886  2  4665 4608  1	
 887  2  4666 4612  2	
 888  2  4671 4740  2	
 889  2  4694 4763  1	
 890  2  4730 4665  1	
 891  2  4731 4666  2	
 892  2  4740 4795  2	
 893  2  4763 4825  1	
 894  2  4786 4730  1	
 895  2  4789 4731  2	
 896  2  4795 4865  2	
 897  2  4825 4884  1	
 898  2  4852 4786  1	
 899  2  4856 4789  2	
 900  2  4865 4929  2	
 901  2  4884 4952  1	
 902  2  4910 4852  1	
 903  2  4919 4856  2	
 904  2  4929 4987  2	
 905  2  4952 5005  1	
 906  2  4977 4910  1	
 907  2  4984 4919  2	
 908  2  4987 5057  2	
 909  2  5005 5075  1	
 910  2  5043 4977  1	
 911  2  5048 4984  2	
 912  2  5057 5114  2	
 913  2  5075 5128  1	
 914  2  5099 5043  1	
 915  2  5104 5048  2	
 916  2  5114 5181  2	
 917  2  5128 5195  1	
 918  2  5168 5099  1	
 919  2  5174 5104  2	
 920  2  5181 5238  2	
 921  2  5195 5259  1	
 922  2  5218 5168  1	
 923  2  5230 5174  2	
 924  2  5238 5306  2	
 925  2  5259 5317  1	
 926  2  5287 5218  1	
 927  2  5298 5230  2	
 928  2  5306 5372  2	
 929  2  5317 5383  1	
 930  2  5345 5287  1	
 931  2  5361 5298  2	
 932  2  5372 5434  2	
 933  2  5383 5440  1	
 934  2  5412 5345  1	
 935  2  5423 5361  2	
 936  2  5434 5497  2	
 937  2  5440 5506  1	
 938  2  5471 5412  1	
 939  2  5491 5423  2	
 940  2  5497 5560  2	
 941  2  5506 5568  1	
 942  2  5535 5471  1	
 943  2  5549 5491  2	
 944  2  5560 5625  2	
 945  2  5568 5633  1	
 946  2  5598 5535  1	
 947  2  5614 5549  2	
 948  2  5625 5684  2	
 949  2  5633 5689  1	
 950  2  5660 5598  1	
 951  2  5676 5614  2	
 952  2  5684 5750  2	
 953  2  5689 5758  1	
 954  2  5720 5660  1	
 955  2  5742 5676  2	
 956  2  5750 5807  2	
 957  2  5758 5815  1	
 958  2  5783 5720  1	
 959  2  5799 5742  2	
 960  2  5807 5874  2	
 961  2  5815 5882  1	
 962  2  5845 5783  1	
 963  2  5866 5799  2	
 964  2  5874 5929  2	
 965  2  5882 5933  1	
 966  2  5904 5845  1	
 967  2  5921 5866  2	
 968  2  5929 5994  2	
 969  2  5933 6002  1	
 970  2  5968 5904  1	
 971  2  5985 5921  2	
 972  2  5994 6054  2	
 973  2  6002 6061  1	
 974  2  6025 5968  1	
 975  2  6040 5985  2	
 976  2  6054 6120  2	
 977  2  6061 6126  1	
 978  2  6091 6025  1	
 979  2  6110 6040  2	
 980  2  6120 6178  2	
 981  2  6126 6189  1	
 982  2  6148 6091  1	
 983  2  6170 6110  2	
 984  2  6178 6240  2	
 985  2  6189 6247  1	
 986  2  6212 6148  1	
 987  2  6231 6170  2	
 988  2  6240 6300  2	
 989  2  6247 6305  1	
 990  2  6271 6212  1	
 991  2  6289 6231  2	
 992  2  6300 6357  2	
 993  2  6305 6364  1	
 994  2  6335 6271  1	
 995  2  6348 6289  2	
 996  2  6357 6416  2	
 997  2  6364 6429  1	
 998  2  6394 6335  1	
 999  2  6409 6348  2	
 1000  2  6416 6477  2	
 1001  2  6429 6483  1	
 1002  2  6455 6394  1	
 1003  2  6468 6409  2	
 1004  2  6477 6535  2	
 1005  2  6483 6548  1	
 1006  2  6512 6455  1	
 1007  2  6528 6468  2	
 1008  2  6535 6587  2	
 1009  2  6548 6603  1	
 1010  2  6569 6512  1	
 1011  2  6580 6528  2	
 1012  2  6587 6653  2	
 1013  2  6603 6663  1	
 1014  2  6629 6569  1	
 1015  2  6640 6580  2	
 1016  2  6653 6701  2	
 1017  2  6663 6722  1	
 1018  2  6686 6629  1	
 1019  2  6691 6640  2	
 1020  2  6701 6762  2	
 1021  2  6722 6783  1	
 1022  2  6745 6686  1	
 1023  2  6750 6691  2	
 1024  2  6762 6815  2	
 1025  2  6783 6843  1	
 1026  2  6806 6750  2	
 1027  2  6807 6745  1	
 1028  2  6815 6874  2	
 1029  2  6843 6901  1	
 1030  2  6865 6806  2	
 1031  2  6871 6807  1	
 1032  2  6874 6926  2	
 1033  2  6901 6957  1	
 1034  2  6917 6865  2	
 1035  2  6926 6984  2	
 1036  2  6928 6871  1	
 1037  2  6957 7019  1	
 1038  2  6975 6917  2	
 1039  2  6984 7037  2	
 1040  2  6989 6928  1	
 1041  2  7019 7071  1	
 1042  2  7031 6975  2	
 1043  2  7037 7086  2	
 1044  2  7047 6989  1	
 1045  2  7071 7135  1	
 1046  2  7080 7031  2	
 1047  2  7086 7142  2	
 1048  2  7106 7047  1	
 1049  2  7135 7190  1	
 1050  2  7138 7080  2	
 1051  2  7142 7195  2	
 1052  2  7163 7106  1	
 1053  2  7187 7138  2	
 1054  2  7190 7252  1	
 1055  2  7195 7247  2	
 1056  2  7215 7163  1	
 1057  2  7241 7187  2	
 1058  2  7247 7298  2	
 1059  2  7252 7304  1	
 1060  2  7279 7215  1	
 1061  2  7293 7241  2	
 1062  2  7298 7345  2	
 1063  2  7304 7369  1	
 1064  2  7333 7279  1	
 1065  2  7340 7293  2	
 1066  2  7345 7398  2	
 1067  2  7369 7420  1	
 1068  2  7392 7333  1	
 1069  2  7394 7340  2	
 1070  2  7398 7448  2	
 1071  2  7420 7478  1	
 1072  2  7440 7394  2	
 1073  2  7446 7392  1	
 1074  2  7448 7504  2	
 1075  2  7478 7532  1	
 1076  2  7497 7440  2	
 1077  2  7504 7546  2	
 1078  2  7511 7446  1	
 1079  2  7532 7594  1	
 1080  2  7535 7497  2	
 1081  2  7546 7601  2	
 1082  2  7564 7511  1	
 1083  2  7592 7535  2	
 1084  2  7594 7646  1	
 1085  2  7601 7640  2	
 1086  2  7622 7564  1	
 1087  2  7639 7592  2	
 1088  2  7640 7688  2	
 1089  2  7646 7707  1	
 1090  2  7674 7622  1	
 1091  2  7685 7639  2	
 1092  2  7688 7736  2	
 1093  2  7707 7757  1	
 1094  2  7732 7674  1	
 1095  2  7733 7685  2	
 1096  2  7736 7781  2	
 1097  2  7757 7817  1	
 1098  2  7771 7733  2	
 1099  2  7781 7828  2	
 1100  2  7786 7732  1	
 1101  2  7817 7864  1	
 1102  2  7821 7771  2	
 1103  2  7828 7865  2	
 1104  2  7841 7786  1	
 1105  2  7858 7821  2	
 1106  2  7864 7921  1	
 1107  2  7865 7911  2	
 1108  2  7896 7841  1	
 1109  2  7904 7858  2	
 1110  2  7911 7951  2	
 1111  2  7921 7973  1	
 1112  2  7946 7896  1	
 1113  2  7947 7904  2	
 1114  2  7951 7990  2	
 1115  2  7973 8026  1	
 1116  2  7984 7947  2	
 1117  2  7990 8033  2	
 1118  2  7997 7946  1	
 1119  2  8026 8074  1	
 1120  2  8027 7984  2	
 1121  2  8033 8068  2	
 1122  2  8050 7997  1	
 1123  2  8059 8027  2	
 1124  2  8068 8110  2	
 1125  2  8074 8123  1	
 1126  2  8100 8050  1	
 1127  2  8102 8059  2	
 1128  2  8110 8147  2	
 1129  2  8123 8179  1	
 1130  2  8139 8102  2	
 1131  2  8147 8180  2	
 1132  2  8154 8100  1	
 1133  2  8176 8139  2	
 1134  2  8179 8229  1	
 1135  2  8180 8215  2	
 1136  2  8201 8154  1	
 1137  2  8212 8176  2	
 1138  2  8215 8254  2	
 1139  2  8229 8283  1	
 1140  2  8246 8212  2	
 1141  2  8254 8288  2	
 1142  2  8256 8201  1	
 1143  2  8283 8334  1	
 1144  2  8284 8246  2	
 1145  2  8288 8320  2	
 1146  2  8306 8256  1	
 1147  2  8314 8284  2	
 1148  2  8320 8356  2	
 1149  2  8334 8382  1	
 1150  2  8348 8314  2	
 1151  2  8356 8389  2	
 1152  2  8357 8306  1	
 1153  2  8382 8434  1	
 1154  2  8385 8348  2	
 1155  2  8389 8421  2	
 1156  2  8408 8357  1	
 1157  2  8418 8385  2	
 1158  2  8421 8452  2	
 1159  2  8434 8482  1	
 1160  2  8449 8418  2	
 1161  2  8452 8481  2	
 1162  2  8457 8408  1	
 1163  2  8478 8449  2	
 1164  2  8481 8509  2	
 1165  2  8482 8531  1	
 1166  2  8505 8457  1	
 1167  2  8507 8478  2	
 1168  2  8509 8535  2	
 1169  2  8531 8579  1	
 1170  2  8533 8507  2	
 1171  2  8535 8569  2	
 1172  2  8555 8505  1	
 1173  2  8562 8533  2	
 1174  2  8569 8593  2	
 1175  2  8579 8634  1	
 1176  2  8587 8562  2	
 1177  2  8593 8622  2	
 1178  2  8603 8555  1	
 1179  2  8616 8587  2	
 1180  2  8622 8653  2	
 1181  2  8634 8680  1	
 1182  2  8648 8616  2	
 1183  2  8653 8672  2	
 1184  2  8657 8603  1	
 1185  2  8668 8648  2	
 1186  2  8672 8699  2	
 1187  2  8680 8734  1	
 1188  2  8697 8668  2	
 1189  2  8699 8724  2	
 1190  2  8706 8657  1	
 1191  2  8720 8697  2	
 1192  2  8724 8746  2	
 1193  2  8734 8783  1	
 1194  2  8742 8720  2	
 1195  2  8746 8769  2	
 1196  2  8760 8706  1	
 1197  2  8766 8742  2	
 1198  2  8769 8790  2	
 1199  2  8783 8837  1	
 1200  2  8787 8766  2	
 1201  2  8790 8812  2	
 1202  2  8803 8760  1	
 1203  2  8807 8787  2	
 1204  2  8812 8832  2	
 1205  2  8828 8807  2	
 1206  2  8832 8854  2	
 1207  2  8837 8880  1	
 1208  2  8852 8828  2	
 1209  2  8854 8873  2	
 1210  2  8858 8803  1	
 1211  2  8869 8852  2	
 1212  2  8873 8885  2	
 1213  2  8880 8940  1	
 1214  2  8882 8869  2	
 1215  2  8885 8908  2	
 1216  2  8906 8882  2	
 1217  2  8908 8926  2	
 1218  2  8910 8858  1	
 1219  2  8922 8906  2	
 1220  2  8926 8942  2	
 1221  2  8939 8922  2	
 1222  2  8940 9003  1	
 1223  2  8942 8957  2	
 1224  2  8956 8939  2	
 1225  2  8957 8975  2	
 1226  2  8965 8910  1	
 1227  2  8972 8956  2	
 1228  2  8975 8986  2	
 1229  2  8984 8972  2	
 1230  2  8986 9008  2	
 1231  2  9003 9053  1	
 1232  2  9004 8984  2	
 1233  2  9008 9017  2	
 1234  2  9015 9004  2	
 1235  2  9017 9028  2	
 1236  2  9025 9015  2	
 1237  2  9028 9036  2	
 1238  2  9029 8965  1	
 1239  2  9035 9025  2	
 1240  2  9036 9042  2	
 1241  2  9041 9035  2	
 1242  2  9042 9052  2	
 1243  2  9050 9041  2	
 1244  2  9052 9057  2	
 1245  2  9053 9108  1	
 1246  2  9055 9050  2	
 1247  2  9057 9064  2	
 1248  2  9062 9055  2	
 1249  2  9064 9069  2	
 1250  2  9068 9062  2	
 1251  2  9069 9074  2	
 1252  2  9072 9068  2	
 1253  2  9074 9078  2	
 1254  2  9077 9072  2	
 1255  2  9078 9080  2	
 1256  2  9079 9077  2	
 1257  2  9080 9081  2	
 1258  2  9081 9079  2	
 1259  2  9085 9029  1	
 1260  2  9108 9160  1	
 1261  2  9131 9085  1	
 1262  2  9160 9198  1	
 1263  2  9182 9131  1	
 1264  2  9198 9238  1	
 1265  2  9216 9182  1	
 1266  2  9238 9272  1	
 1267  2  9253 9216  1	
 1268  2  9272 9309  1	
 1269  2  9288 9253  1	
 1270  2  9309 9344  1	
 1271  2  9324 9288  1	
 1272  2  9344 9378  1	
 1273  2  9359 9324  1	
 1274  2  9378 9416  1	
 1275  2  9395 9359  1	
 1276  2  9416 9451  1	
 1277  2  9431 9395  1	
 1278  2  9451 9487  1	
 1279  2  9466 9431  1	
 1280  2  9487 9517  1	
 1281  2  9500 9466  1	
 1282  2  9517 9553  1	
 1283  2  9533 9500  1	
 1284  2  9553 9585  1	
 1285  2  9568 9533  1	
 1286  2  9585 9621  1	
 1287  2  9600 9568  1	
 1288  2  9621 9652  1	
 1289  2  9633 9600  1	
 1290  2  9652 9683  1	
 1291  2  9664 9633  1	
 1292  2  9683 9713  1	
 1293  2  9695 9664  1	
 1294  2  9713 9741  1	
 1295  2  9729 9695  1	
 1296  2  9741 9768  1	
 1297  2  9754 9729  1	
 1298  2  9768 9795  1	
 1299  2  9784 9754  1	
 1300  2  9795 9824  1	
 1301  2  9808 9784  1	
 1302  2  9824 9852  1	
 1303  2  9839 9808  1	
 1304  2  9852 9883  1	
 1305  2  9864 9839  1	
 1306  2  9883 9911  1	
 1307  2  9896 9864  1	
 1308  2  9911 9938  1	
 1309  2  9924 9896  1	
 1310  2  9938 9964  1	
 1311  2  9952 9924  1	
 1312  2  9964 9989  1	
 1313  2  9979 9952  1	
 1314  2  9989 10021  1	
 1315  2  10006 9979  1	
 1316  2  10021 10043  1	
 1317  2  10029 10006  1	
 1318  2  10043 10071  1	
 1319  2  10057 10029  1	
 1320  2  10071 10092  1	
 1321  2  10081 10057  1	
 1322  2  10092 10115  1	
 1323  2  10105 10081  1	
 1324  2  10115 10138  1	
 1325  2  10130 10105  1	
 1326  2  10138 10164  1	
 1327  2  10149 10130  1	
 1328  2  10164 10182  1	
 1329  2  10170 10149  1	
 1330  2  10182 10200  1	
 1331  2  10193 10170  1	
 1332  2  10200 10224  1	
 1333  2  10215 10193  1	
 1334  2  10224 10251  1	
 1335  2  10232 10215  1	
 1336  2  10251 10263  1	
 1337  2  10255 10232  1	
 1338  2  10263 10284  1	
 1339  2  10275 10255  1	
 1340  2  10284 10307  1	
 1341  2  10295 10275  1	
 1342  2  10307 10329  1	
 1343  2  10316 10295  1	
 1344  2  10329 10343  1	
 1345  2  10336 10316  1	
 1346  2  10343 10364  1	
 1347  2  10352 10336  1	
 1348  2  10364 10385  1	
 1349  2  10369 10352  1	
 1350  2  10385 10403  1	
 1351  2  10392 10369  1	
 1352  2  10403 10419  1	
 1353  2  10407 10392  1	
 1354  2  10419 10433  1	
 1355  2  10426 10407  1	
 1356  2  10433 10449  1	
 1357  2  10442 10426  1	
 1358  2  10449 10469  1	
 1359  2  10461 10442  1	
 1360  2  10469 10483  1	
 1361  2  10475 10461  1	
 1362  2  10483 10499  1	
 1363  2  10494 10475  1	
 1364  2  10499 10515  1	
 1365  2  10506 10494  1	
 1366  2  10515 10530  1	
 1367  2  10522 10506  1	
 1368  2  10530 10544  1	
 1369  2  10540 10522  1	
 1370  2  10544 10560  1	
 1371  2  10552 10540  1	
 1372  2  10560 10574  1	
 1373  2  10567 10552  1	
 1374  2  10574 10586  1	
 1375  2  10581 10567  1	
 1376  2  10586 10599  1	
 1377  2  10593 10581  1	
 1378  2  10599 10614  1	
 1379  2  10604 10593  1	
 1380  2  10614 10621  1	
 1381  2  10617 10604  1	
 1382  2  10621 10637  1	
 1383  2  10629 10617  1	
 1384  2  10637 10649  1	
 1385  2  10642 10629  1	
 1386  2  10649 10657  1	
 1387  2  10651 10642  1	
 1388  2  10657 10667  1	
 1389  2  10663 10651  1	
 1390  2  10667 10678  1	
 1391  2  10672 10663  1	
 1392  2  10678 10688  1	
 1393  2  10684 10672  1	
 1394  2  10688 10703  1	
 1395  2  10697 10684  1	
 1396  2  10703 10712  1	
 1397  2  10707 10697  1	
 1398  2  10712 10719  1	
 1399  2  10716 10707  1	
 1400  2  10719 10724  1	
 1401  2  10722 10716  1	
 1402  2  10724 10733  1	
 1403  2  10728 10722  1	
 1404  2  10733 10744  1	
 1405  2  10736 10728  1	
 1406  2  10744 10752  1	
 1407  2  10747 10736  1	
 1408  2  10752 10762  1	
 1409  2  10760 10747  1	
 1410  2  10762 10769  1	
 1411  2  10765 10760  1	
 1412  2  10769 10776  1	
 1413  2  10770 10765  1	
 1414  2  10776 10780  1	
 1415  2  10778 10770  1	
 1416  2  10780 10787  1	
 1417  2  10782 10778  1	
 1418  2  10787 10792  1	
 1419  2  10788 10782  1	
 1420  2  10792 10797  1	
 1421  2  10796 10788  1	
 1422  2  10797 10803  1	
 1423  2  10799 10796  1	
 1424  2  10803 10815  1	
 1425  2  10810 10799  1	
 1426  2  10815 10822  1	
 1427  2  10820 10810  1	
 1428  2  10822 10828  1	
 1429  2  10824 10820  1	
 1430  2  10828 10831  1	
 1431  2  10830 10824  1	
 1432  2  10831 10837  1	
 1433  2  10834 10830  1	
 1434  2  10837 10842  1	
 1435  2  10838 10834  1	
 1436  2  10842 10846  1	
 1437  2  10844 10838  1	
 1438  2  10846 10852  1	
 1439  2  10849 10844  1	
 1440  2  10852 10859  1	
 1441  2  10855 10849  1	
 1442  2  10859 10868  1	
 1443  2  10863 10855  1	
 1444  2  10868 10875  1	
 1445  2  10872 10863  1	
 1446  2  10875 10881  1	
 1447  2  10879 10872  1	
 1448  2  10881 10883  1	
 1449  2  10882 10879  1	
 1450  2  10883 10885  1	
 1451  2  10884 10882  1	
 1452  2  10885 10887  1	
 1453  2  10886 10884  1	
 1454  2  10887 10889  1	
 1455  2  10888 10886  1	
 1456  2  10889 10891  1	
 1457  2  10890 10888  1	
 1458  2  10891 10893  1	
 1459  2  10892 10890  1	
 1460  2  10893 10895  1	
 1461  2  10894 10892  1	
 1462  2  10895 10897  1	
 1463  2  10896 10894  1	
 1464  2  10897 10899  1	
 1465  2  10898 10896  1	
 1466  2  10899 10901  1	
 1467  2  10900 10898  1	
 1468  2  10901 10903  1	
 1469  2  10902 10900  1	
 1470  2  10903 10905  1	
 1471  2  10904 10902  1	
 1472  2  10905 10907  1	
 1473  2  10906 10904  1	
 1474  2  10907 10909  1	
 1475  2  10908 10906  1	
 1476  2  10909 10911  1	
 1477  2  10910 10908  1	
 1478  2  10911 10912  1	
 1479  2  10912 10910  1	
  END_ON_BOUNDARIES
