  ON_BOUNDARIES, UNKNOWN
 1  2  1 2  1	
 2  2  2 12  1	
 3  2  3 1  1	
 4  2  11 3  1	
 5  2  12 22  1	
 6  2  21 11  1	
 7  2  22 35  1	
 8  2  34 21  1	
 9  2  35 51  1	
 10  2  50 34  1	
 11  2  51 74  1	
 12  2  73 50  1	
 13  2  74 95  1	
 14  2  94 73  1	
 15  2  95 121  1	
 16  2  120 94  1	
 17  2  121 150  1	
 18  2  149 120  1	
 19  2  150 182  1	
 20  2  181 149  1	
 21  2  182 215  1	
 22  2  214 181  1	
 23  2  215 253  1	
 24  2  252 214  1	
 25  2  253 308  1	
 26  2  281 283  2	
 27  2  282 281  2	
 28  2  283 288  2	
 29  2  285 282  2	
 30  2  288 296  2	
 31  2  291 285  2	
 32  2  296 299  2	
 33  2  298 291  2	
 34  2  299 305  2	
 35  2  303 298  2	
 36  2  305 319  2	
 37  2  307 252  1	
 38  2  308 383  1	
 39  2  316 303  2	
 40  2  319 330  2	
 41  2  327 316  2	
 42  2  330 351  2	
 43  2  344 327  2	
 44  2  351 367  2	
 45  2  363 344  2	
 46  2  367 389  2	
 47  2  380 363  2	
 48  2  382 307  1	
 49  2  383 474  1	
 50  2  389 410  2	
 51  2  403 380  2	
 52  2  410 442  2	
 53  2  431 403  2	
 54  2  442 471  2	
 55  2  459 431  2	
 56  2  471 501  2	
 57  2  473 382  1	
 58  2  474 577  1	
 59  2  493 459  2	
 60  2  501 542  2	
 61  2  533 493  2	
 62  2  542 583  2	
 63  2  570 533  2	
 64  2  576 473  1	
 65  2  577 689  1	
 66  2  583 629  2	
 67  2  616 570  2	
 68  2  629 674  2	
 69  2  657 616  2	
 70  2  674 722  2	
 71  2  688 576  1	
 72  2  689 811  1	
 73  2  706 657  2	
 74  2  722 778  2	
 75  2  756 706  2	
 76  2  778 832  2	
 77  2  810 688  1	
 78  2  811 946  1	
 79  2  812 756  2	
 80  2  832 890  2	
 81  2  870 812  2	
 82  2  890 953  2	
 83  2  929 870  2	
 84  2  945 810  1	
 85  2  946 1090  1	
 86  2  953 1016  2	
 87  2  995 929  2	
 88  2  1016 1083  2	
 89  2  1063 995  2	
 90  2  1083 1155  2	
 91  2  1089 945  1	
 92  2  1090 1237  1	
 93  2  1132 1063  2	
 94  2  1155 1225  2	
 95  2  1201 1132  2	
 96  2  1225 1306  2	
 97  2  1236 1089  1	
 98  2  1237 1394  1	
 99  2  1282 1201  2	
 100  2  1306 1381  2	
 101  2  1357 1282  2	
 102  2  1381 1462  2	
 103  2  1393 1236  1	
 104  2  1394 1561  1	
 105  2  1442 1357  2	
 106  2  1462 1549  2	
 107  2  1528 1442  2	
 108  2  1549 1636  2	
 109  2  1560 1393  1	
 110  2  1561 1736  1	
 111  2  1610 1528  2	
 112  2  1636 1728  2	
 113  2  1697 1610  2	
 114  2  1728 1815  2	
 115  2  1735 1560  1	
 116  2  1736 1902  1	
 117  2  1792 1697  2	
 118  2  1815 1905  2	
 119  2  1884 1792  2	
 120  2  1901 1735  1	
 121  2  1902 2090  1	
 122  2  1905 2001  2	
 123  2  1979 1884  2	
 124  2  2001 2103  2	
 125  2  2069 1979  2	
 126  2  2089 1901  1	
 127  2  2090 2280  1	
 128  2  2103 2206  2	
 129  2  2174 2069  2	
 130  2  2206 2311  2	
 131  2  2273 2174  2	
 132  2  2279 2089  1	
 133  2  2280 2479  1	
 134  2  2311 2416  2	
 135  2  2387 2273  2	
 136  2  2416 2525  2	
 137  2  2478 2279  1	
 138  2  2479 2682  1	
 139  2  2491 2387  2	
 140  2  2525 2627  2	
 141  2  2601 2491  2	
 142  2  2627 2740  2	
 143  2  2681 2478  1	
 144  2  2682 2896  1	
 145  2  2710 2601  2	
 146  2  2740 2855  2	
 147  2  2821 2710  2	
 148  2  2855 2969  2	
 149  2  2895 2681  1	
 150  2  2896 3107  1	
 151  2  2936 2821  2	
 152  2  2969 3081  2	
 153  2  3054 2936  2	
 154  2  3081 3199  2	
 155  2  3106 2895  1	
 156  2  3107 3314  1	
 157  2  3168 3054  2	
 158  2  3199 3317  2	
 159  2  3289 3168  2	
 160  2  3313 3106  1	
 161  2  3314 3534  1	
 162  2  3317 3438  2	
 163  2  3413 3289  2	
 164  2  3438 3557  2	
 165  2  3526 3413  2	
 166  2  3533 3313  1	
 167  2  3534 3760  1	
 168  2  3557 3682  2	
 169  2  3647 3526  2	
 170  2  3682 3806  2	
 171  2  3759 3533  1	
 172  2  3760 3984  1	
 173  2  3771 3647  2	
 174  2  3806 3934  2	
 175  2  3902 3771  2	
 176  2  3934 4056  2	
 177  2  3983 3759  1	
 178  2  3984 4206  1	
 179  2  4019 3902  2	
 180  2  4056 4175  2	
 181  2  4134 4019  2	
 182  2  4175 4294  2	
 183  2  4205 3983  1	
 184  2  4206 4464  1	
 185  2  4252 4134  2	
 186  2  4294 4444  2	
 187  2  4391 4252  2	
 188  2  4434 4435  3	
 189  2  4435 4438  3	
 190  2  4437 4434  3	
 191  2  4438 4440  3	
 192  2  4439 4437  3	
 193  2  4440 4443  3	
 194  2  4442 4439  3	
 195  2  4443 4447  3	
 196  2  4444 4649  2	
 197  2  4446 4442  3	
 198  2  4447 4453  3	
 199  2  4452 4446  3	
 200  2  4453 4458  3	
 201  2  4457 4452  3	
 202  2  4458 4460  3	
 203  2  4459 4457  3	
 204  2  4460 4466  3	
 205  2  4463 4205  1	
 206  2  4464 4837  1	
 207  2  4465 4459  3	
 208  2  4466 4473  3	
 209  2  4472 4465  3	
 210  2  4473 4485  3	
 211  2  4484 4472  3	
 212  2  4485 4492  3	
 213  2  4491 4484  3	
 214  2  4492 4496  3	
 215  2  4495 4491  3	
 216  2  4496 4503  3	
 217  2  4502 4495  3	
 218  2  4503 4508  3	
 219  2  4507 4502  3	
 220  2  4508 4519  3	
 221  2  4518 4507  3	
 222  2  4519 4534  3	
 223  2  4533 4518  3	
 224  2  4534 4550  3	
 225  2  4549 4533  3	
 226  2  4550 4563  3	
 227  2  4562 4549  3	
 228  2  4563 4576  3	
 229  2  4576 4589  3	
 230  2  4585 4391  2	
 231  2  4589 4597  3	
 232  2  4597 4620  3	
 233  2  4620 4642  3	
 234  2  4642 4659  3	
 235  2  4649 4863  2	
 236  2  4659 4672  3	
 237  2  4669 4562  3	
 238  2  4672 4688  3	
 239  2  4688 4705  3	
 240  2  4705 4731  3	
 241  2  4731 4754  3	
 242  2  4754 4870  3	
 243  2  4771 4669  3	
 244  2  4785 4585  2	
 245  2  4836 4463  1	
 246  2  4837 5235  1	
 247  2  4863 5072  2	
 248  2  4870 4974  3	
 249  2  4875 4897  4	
 250  2  4882 4771  3	
 251  2  4897 4924  4	
 252  2  4924 4955  4	
 253  2  4955 4986  4	
 254  2  4974 5086  3	
 255  2  4985 4875  4	
 256  2  4986 5012  4	
 257  2  4996 4882  3	
 258  2  5001 4785  2	
 259  2  5012 5044  4	
 260  2  5044 5080  4	
 261  2  5072 5300  2	
 262  2  5080 5107  4	
 263  2  5086 5199  3	
 264  2  5096 4985  4	
 265  2  5107 5134  4	
 266  2  5108 4996  3	
 267  2  5134 5176  4	
 268  2  5176 5209  4	
 269  2  5199 5323  3	
 270  2  5207 5096  4	
 271  2  5209 5248  4	
 272  2  5223 5108  3	
 273  2  5224 5001  2	
 274  2  5234 4836  1	
 275  2  5235 5688  1	
 276  2  5248 5291  4	
 277  2  5291 5331  4	
 278  2  5300 5540  2	
 279  2  5323 5447  3	
 280  2  5331 5365  4	
 281  2  5332 5207  4	
 282  2  5352 5223  3	
 283  2  5365 5409  4	
 284  2  5409 5454  4	
 285  2  5447 5570  3	
 286  2  5454 5500  4	
 287  2  5455 5332  4	
 288  2  5469 5224  2	
 289  2  5477 5352  3	
 290  2  5500 5545  4	
 291  2  5540 5788  2	
 292  2  5545 5582  4	
 293  2  5570 5701  3	
 294  2  5578 5455  4	
 295  2  5582 5635  4	
 296  2  5587 5591  3	
 297  2  5588 5587  3	
 298  2  5591 5593  3	
 299  2  5592 5588  3	
 300  2  5593 5595  3	
 301  2  5594 5592  3	
 302  2  5595 5598  3	
 303  2  5596 5594  3	
 304  2  5598 5605  3	
 305  2  5599 5596  3	
 306  2  5605 5609  3	
 307  2  5606 5599  3	
 308  2  5607 5477  3	
 309  2  5609 5616  3	
 310  2  5610 5606  3	
 311  2  5616 5623  3	
 312  2  5617 5610  3	
 313  2  5623 5632  3	
 314  2  5624 5617  3	
 315  2  5632 5640  3	
 316  2  5634 5624  3	
 317  2  5635 5683  4	
 318  2  5640 5646  3	
 319  2  5641 5634  3	
 320  2  5646 5664  3	
 321  2  5648 5641  3	
 322  2  5664 5674  3	
 323  2  5665 5648  3	
 324  2  5674 5684  3	
 325  2  5675 5665  3	
 326  2  5683 5734  4	
 327  2  5684 5696  3	
 328  2  5685 5675  3	
 329  2  5687 5234  1	
 330  2  5688 6061  1	
 331  2  5696 5710  3	
 332  2  5697 5685  3	
 333  2  5701 5825  3	
 334  2  5710 5727  3	
 335  2  5711 5697  3	
 336  2  5712 5578  4	
 337  2  5719 5469  2	
 338  2  5727 5744  3	
 339  2  5728 5711  3	
 340  2  5734 5784  4	
 341  2  5744 5607  3	
 342  2  5745 5728  3	
 343  2  5767 5745  3	
 344  2  5779 5767  3	
 345  2  5784 5823  4	
 346  2  5788 5985  2	
 347  2  5791 5779  3	
 348  2  5808 5791  3	
 349  2  5822 5808  3	
 350  2  5823 5861  4	
 351  2  5825 5937  3	
 352  2  5833 5712  4	
 353  2  5840 5822  3	
 354  2  5853 5840  3	
 355  2  5861 5909  4	
 356  2  5873 5853  3	
 357  2  5893 5873  3	
 358  2  5909 5950  4	
 359  2  5916 5893  3	
 360  2  5935 5719  2	
 361  2  5937 5916  3	
 362  2  5942 5833  4	
 363  2  5950 5988  4	
 364  2  5985 6171  2	
 365  2  5988 6025  4	
 366  2  6025 6065  4	
 367  2  6032 5942  4	
 368  2  6054 6032  4	
 369  2  6060 5687  1	
 370  2  6061 6390  1	
 371  2  6065 6107  4	
 372  2  6075 6054  4	
 373  2  6098 6075  4	
 374  2  6107 6154  4	
 375  2  6113 5935  2	
 376  2  6125 6098  4	
 377  2  6151 6125  4	
 378  2  6154 6188  4	
 379  2  6171 6339  2	
 380  2  6174 6151  4	
 381  2  6188 6226  4	
 382  2  6194 6174  4	
 383  2  6216 6194  4	
 384  2  6226 6270  4	
 385  2  6243 6216  4	
 386  2  6270 6314  4	
 387  2  6271 6243  4	
 388  2  6293 6113  2	
 389  2  6300 6271  4	
 390  2  6314 6356  4	
 391  2  6328 6300  4	
 392  2  6339 6521  2	
 393  2  6353 6328  4	
 394  2  6356 6399  4	
 395  2  6380 6353  4	
 396  2  6389 6060  1	
 397  2  6390 6704  1	
 398  2  6399 6447  4	
 399  2  6410 6380  4	
 400  2  6443 6410  4	
 401  2  6447 6493  4	
 402  2  6474 6293  2	
 403  2  6479 6443  4	
 404  2  6493 6528  4	
 405  2  6504 6479  4	
 406  2  6521 6683  2	
 407  2  6528 6574  4	
 408  2  6529 6504  4	
 409  2  6557 6529  4	
 410  2  6574 6620  4	
 411  2  6592 6557  4	
 412  2  6620 6664  4	
 413  2  6628 6592  4	
 414  2  6641 6474  2	
 415  2  6658 6628  4	
 416  2  6664 6706  4	
 417  2  6683 6852  2	
 418  2  6691 6658  4	
 419  2  6703 6389  1	
 420  2  6704 7008  1	
 421  2  6706 6756  4	
 422  2  6725 6691  4	
 423  2  6756 6806  4	
 424  2  6760 6725  4	
 425  2  6799 6760  4	
 426  2  6806 6878  4	
 427  2  6817 6641  2	
 428  2  6829 6799  4	
 429  2  6852 7010  2	
 430  2  6862 6829  4	
 431  2  6878 6954  4	
 432  2  6892 6862  4	
 433  2  6925 6892  4	
 434  2  6954 7036  4	
 435  2  6962 6925  4	
 436  2  6964 6817  2	
 437  2  6994 6962  4	
 438  2  7007 6703  1	
 439  2  7008 7285  1	
 440  2  7010 7156  2	
 441  2  7036 7107  4	
 442  2  7038 6994  4	
 443  2  7069 7038  4	
 444  2  7105 7069  4	
 445  2  7107 7176  4	
 446  2  7115 6964  2	
 447  2  7137 7105  4	
 448  2  7156 7307  2	
 449  2  7165 7137  4	
 450  2  7176 7238  4	
 451  2  7204 7165  4	
 452  2  7234 7204  4	
 453  2  7238 7315  4	
 454  2  7261 7115  2	
 455  2  7276 7234  4	
 456  2  7284 7007  1	
 457  2  7285 7530  1	
 458  2  7307 7432  2	
 459  2  7311 7276  4	
 460  2  7315 7377  4	
 461  2  7338 7311  4	
 462  2  7373 7338  4	
 463  2  7377 7448  4	
 464  2  7394 7261  2	
 465  2  7414 7373  4	
 466  2  7432 7561  2	
 467  2  7445 7414  4	
 468  2  7448 7507  4	
 469  2  7471 7445  4	
 470  2  7507 7471  4	
 471  2  7524 7394  2	
 472  2  7529 7284  1	
 473  2  7530 7750  1	
 474  2  7561 7674  2	
 475  2  7641 7524  2	
 476  2  7674 7797  2	
 477  2  7749 7529  1	
 478  2  7750 7979  1	
 479  2  7761 7641  2	
 480  2  7797 7912  2	
 481  2  7873 7761  2	
 482  2  7912 8029  2	
 483  2  7978 7749  1	
 484  2  7979 8201  1	
 485  2  7998 7873  2	
 486  2  8029 8148  2	
 487  2  8115 7998  2	
 488  2  8148 8263  2	
 489  2  8200 7978  1	
 490  2  8201 8423  1	
 491  2  8233 8115  2	
 492  2  8263 8382  2	
 493  2  8345 8233  2	
 494  2  8382 8493  2	
 495  2  8422 8200  1	
 496  2  8423 8650  1	
 497  2  8467 8345  2	
 498  2  8493 8611  2	
 499  2  8576 8467  2	
 500  2  8611 8725  2	
 501  2  8649 8422  1	
 502  2  8650 8872  1	
 503  2  8696 8576  2	
 504  2  8725 8841  2	
 505  2  8809 8696  2	
 506  2  8841 8956  2	
 507  2  8871 8649  1	
 508  2  8872 9093  1	
 509  2  8921 8809  2	
 510  2  8956 9065  2	
 511  2  9028 8921  2	
 512  2  9065 9164  2	
 513  2  9092 8871  1	
 514  2  9093 9300  1	
 515  2  9137 9028  2	
 516  2  9164 9269  2	
 517  2  9234 9137  2	
 518  2  9269 9366  2	
 519  2  9299 9092  1	
 520  2  9300 9512  1	
 521  2  9340 9234  2	
 522  2  9366 9465  2	
 523  2  9439 9340  2	
 524  2  9465 9565  2	
 525  2  9511 9299  1	
 526  2  9512 9707  1	
 527  2  9538 9439  2	
 528  2  9565 9670  2	
 529  2  9637 9538  2	
 530  2  9670 9764  2	
 531  2  9706 9511  1	
 532  2  9707 9904  1	
 533  2  9739 9637  2	
 534  2  9764 9857  2	
 535  2  9829 9739  2	
 536  2  9857 9949  2	
 537  2  9903 9706  1	
 538  2  9904 10096  1	
 539  2  9923 9829  2	
 540  2  9949 10034  2	
 541  2  10012 9923  2	
 542  2  10034 10127  2	
 543  2  10095 9903  1	
 544  2  10096 10283  1	
 545  2  10100 10012  2	
 546  2  10127 10212  2	
 547  2  10188 10100  2	
 548  2  10212 10296  2	
 549  2  10275 10188  2	
 550  2  10282 10095  1	
 551  2  10283 10458  1	
 552  2  10296 10378  2	
 553  2  10345 10275  2	
 554  2  10378 10453  2	
 555  2  10429 10345  2	
 556  2  10453 10530  2	
 557  2  10457 10282  1	
 558  2  10458 10640  1	
 559  2  10515 10429  2	
 560  2  10530 10611  2	
 561  2  10589 10515  2	
 562  2  10611 10685  2	
 563  2  10639 10457  1	
 564  2  10640 10817  1	
 565  2  10664 10589  2	
 566  2  10685 10768  2	
 567  2  10749 10664  2	
 568  2  10768 10841  2	
 569  2  10816 10639  1	
 570  2  10817 10986  1	
 571  2  10821 10749  2	
 572  2  10841 10911  2	
 573  2  10891 10821  2	
 574  2  10911 10983  2	
 575  2  10964 10891  2	
 576  2  10983 11055  2	
 577  2  10985 10816  1	
 578  2  10986 11157  1	
 579  2  11035 10964  2	
 580  2  11055 11113  2	
 581  2  11097 11035  2	
 582  2  11113 11188  2	
 583  2  11156 10985  1	
 584  2  11157 11308  1	
 585  2  11167 11097  2	
 586  2  11188 11248  2	
 587  2  11224 11167  2	
 588  2  11248 11306  2	
 589  2  11292 11224  2	
 590  2  11306 11367  2	
 591  2  11307 11156  1	
 592  2  11308 11459  1	
 593  2  11347 11292  2	
 594  2  11367 11414  2	
 595  2  11404 11347  2	
 596  2  11414 11476  2	
 597  2  11456 11404  2	
 598  2  11458 11307  1	
 599  2  11459 11600  1	
 600  2  11476 11525  2	
 601  2  11512 11456  2	
 602  2  11525 11577  2	
 603  2  11560 11512  2	
 604  2  11577 11623  2	
 605  2  11599 11458  1	
 606  2  11600 11738  1	
 607  2  11609 11560  2	
 608  2  11623 11677  2	
 609  2  11665 11609  2	
 610  2  11677 11713  2	
 611  2  11702 11665  2	
 612  2  11713 11762  2	
 613  2  11737 11599  1	
 614  2  11738 11866  1	
 615  2  11747 11702  2	
 616  2  11762 11798  2	
 617  2  11789 11747  2	
 618  2  11798 11845  2	
 619  2  11830 11789  2	
 620  2  11845 11877  2	
 621  2  11865 11737  1	
 622  2  11866 11980  1	
 623  2  11869 11830  2	
 624  2  11877 11915  2	
 625  2  11898 11869  2	
 626  2  11915 11945  2	
 627  2  11935 11898  2	
 628  2  11945 11974  2	
 629  2  11963 11935  2	
 630  2  11974 12012  2	
 631  2  11979 11865  1	
 632  2  11980 12090  1	
 633  2  12002 11963  2	
 634  2  12012 12034  2	
 635  2  12028 12002  2	
 636  2  12034 12063  2	
 637  2  12055 12028  2	
 638  2  12063 12093  2	
 639  2  12084 12055  2	
 640  2  12089 11979  1	
 641  2  12090 12183  1	
 642  2  12093 12110  2	
 643  2  12105 12084  2	
 644  2  12110 12136  2	
 645  2  12129 12105  2	
 646  2  12136 12158  2	
 647  2  12152 12129  2	
 648  2  12158 12174  2	
 649  2  12168 12152  2	
 650  2  12174 12196  2	
 651  2  12182 12089  1	
 652  2  12183 12273  1	
 653  2  12188 12168  2	
 654  2  12196 12216  2	
 655  2  12211 12188  2	
 656  2  12216 12229  2	
 657  2  12224 12211  2	
 658  2  12229 12240  2	
 659  2  12237 12224  2	
 660  2  12240 12256  2	
 661  2  12251 12237  2	
 662  2  12256 12270  2	
 663  2  12265 12251  2	
 664  2  12270 12283  2	
 665  2  12272 12182  1	
 666  2  12273 12350  1	
 667  2  12282 12265  2	
 668  2  12283 12292  2	
 669  2  12291 12282  2	
 670  2  12292 12302  2	
 671  2  12300 12291  2	
 672  2  12302 12311  2	
 673  2  12309 12300  2	
 674  2  12311 12316  2	
 675  2  12314 12309  2	
 676  2  12316 12323  2	
 677  2  12319 12314  2	
 678  2  12323 12328  2	
 679  2  12326 12319  2	
 680  2  12328 12332  2	
 681  2  12330 12326  2	
 682  2  12332 12339  2	
 683  2  12336 12330  2	
 684  2  12339 12341  2	
 685  2  12340 12336  2	
 686  2  12341 12344  2	
 687  2  12342 12340  2	
 688  2  12344 12346  2	
 689  2  12345 12342  2	
 690  2  12346 12348  2	
 691  2  12347 12345  2	
 692  2  12348 12351  2	
 693  2  12349 12272  1	
 694  2  12350 12409  1	
 695  2  12351 12347  2	
 696  2  12408 12349  1	
 697  2  12409 12450  1	
 698  2  12449 12408  1	
 699  2  12450 12496  1	
 700  2  12495 12449  1	
 701  2  12496 12534  1	
 702  2  12534 12577  1	
 703  2  12535 12495  1	
 704  2  12577 12616  1	
 705  2  12578 12535  1	
 706  2  12615 12578  1	
 707  2  12616 12650  1	
 708  2  12649 12615  1	
 709  2  12650 12687  1	
 710  2  12686 12649  1	
 711  2  12687 12719  1	
 712  2  12718 12686  1	
 713  2  12719 12751  1	
 714  2  12750 12718  1	
 715  2  12751 12783  1	
 716  2  12782 12750  1	
 717  2  12783 12809  1	
 718  2  12808 12782  1	
 719  2  12809 12836  1	
 720  2  12835 12808  1	
 721  2  12836 12863  1	
 722  2  12862 12835  1	
 723  2  12863 12885  1	
 724  2  12884 12862  1	
 725  2  12885 12908  1	
 726  2  12907 12884  1	
 727  2  12908 12927  1	
 728  2  12926 12907  1	
 729  2  12927 12949  1	
 730  2  12948 12926  1	
 731  2  12949 12971  1	
 732  2  12970 12948  1	
 733  2  12971 12990  1	
 734  2  12989 12970  1	
 735  2  12990 13008  1	
 736  2  13007 12989  1	
 737  2  13008 13028  1	
 738  2  13027 13007  1	
 739  2  13028 13040  1	
 740  2  13039 13027  1	
 741  2  13040 13056  1	
 742  2  13055 13039  1	
 743  2  13056 13073  1	
 744  2  13072 13055  1	
 745  2  13073 13080  1	
 746  2  13079 13072  1	
 747  2  13080 13089  1	
 748  2  13088 13079  1	
 749  2  13089 13102  1	
 750  2  13101 13088  1	
 751  2  13102 13113  1	
 752  2  13112 13101  1	
 753  2  13113 13119  1	
 754  2  13118 13112  1	
 755  2  13119 13125  1	
 756  2  13124 13118  1	
 757  2  13125 13131  1	
 758  2  13130 13124  1	
 759  2  13131 13141  1	
 760  2  13140 13130  1	
 761  2  13141 13143  1	
 762  2  13142 13140  1	
 763  2  13143 13145  1	
 764  2  13144 13142  1	
 765  2  13145 13147  1	
 766  2  13146 13144  1	
 767  2  13147 13149  1	
 768  2  13148 13146  1	
 769  2  13149 13151  1	
 770  2  13150 13148  1	
 771  2  13151 13153  1	
 772  2  13152 13150  1	
 773  2  13153 13155  1	
 774  2  13154 13152  1	
 775  2  13155 13157  1	
 776  2  13156 13154  1	
 777  2  13157 13159  1	
 778  2  13158 13156  1	
 779  2  13159 13161  1	
 780  2  13160 13158  1	
 781  2  13161 13162  1	
 782  2  13162 13160  1	
  END_ON_BOUNDARIES
